--------------------------- QUICK ---------------------------
----------- size 1------------ 
------------- sorted: 0 --------------
0.001
0
0
0
0.001
0.001
0
0.001
0
0
0.004
0.001
0
0
0
0
0
0.008
0.001
0.001
0.001
0
0
0
0.006
0.001
0
0
0
0
0.007
0.001
0.001
0
0
0
0.005
0.002
0
0.002
0.004
0.001
0.003
0
0.005
0
0
0
0.006
0.001
0.001
0
0.002
0
0.003
0
0.001
0
0
0
0
0.008
0.002
0.001
0.001
0
0
0
0
0.007
0.001
0
0
0.005
0.002
0.002
0.001
0
0
0
0
0
0
0.009
0.001
0.003
0
0
0
0.006
0.002
0
0
0.007
0.002
0.001
0.001
0.003
0.001
0.001
------------- sorted: 0.25 --------------
0.001
0.001
0
0.003
0.001
0.002
0.001
0.001
0.001
0.003
0.001
0
0
0.005
0.002
0.001
0.001
0.001
0.001
0.002
0.001
0
0
0
0
0
0.008
0.001
0
0
0
0
0.008
0.001
0.005
0.001
0.001
0.001
0.001
0.002
0
0
0
0
0
0
0.007
0.002
0.001
0
0.002
0
0
0
0.005
0
0
0
0
0.005
0.001
0.001
0.001
0.001
0.002
0
0
0
0
0
0.006
0.002
0.001
0
0
0.001
0.001
0.001
0.002
0.001
0
0
0
0
0
0
0.005
0.001
0.002
0.001
0
0.001
0.002
0.002
0.001
0
0.001
0.001
0.001
0.001
------------- sorted: 0.5 --------------
0.001
0.002
0.001
0.001
0
0
0
0
0
0
0
0.008
0.001
0
0
0
0.005
0.001
0
0
0.003
0.001
0
0
0
0
0
0
0
0.009
0.001
0.002
0.001
0
0
0
0
0
0.005
0.001
0
0
0
0.005
0.001
0.001
0.001
0.001
0.001
0.001
0.001
0.001
0.001
0.001
0.001
0.001
0.001
0.001
0
0
0.005
0.001
0.001
0.001
0.002
0
0.003
0.001
0.001
0.001
0.002
0.001
0.002
0.001
0
0.002
0
0.003
0.001
0
0.002
0.001
0.001
0.001
0.001
0.001
0.003
0.001
0.001
0.001
0.001
0.002
0
0
0.001
0.001
0.001
0
0.001
0.001
------------- sorted: 0.75 --------------
0
0
0
0.004
0
0
0
0.003
0.001
0
0.001
0.002
0
0.001
0
0
0
0
0
0.006
0.001
0
0
0.001
0
0
0
0
0
0.006
0.001
0.001
0
0.003
0.001
0
0
0
0.004
0
0.003
0.002
0.001
0.001
0
0.001
0.002
0
0.001
0.001
0
0
0
0
0
0
0
0
0.003
0.001
0
0
0
0.001
0
0
0.003
0
0.002
0
0
0
0
0
0
0
0.008
0.001
0
0
0
0
0
0
0
0
0
0.01
0
0.001
0.001
0.001
0
0.003
0
0
0
0
0
0
------------- sorted: 0.95 --------------
0.001
0
0
0
0
0
0
0
0.005
0.001
0
0
0.002
0
0.001
0.002
0.001
0
0
0
0
0
0
0
0.006
0.001
0.001
0
0
0
0
0
0.007
0
0.001
0
0
0.003
0.002
0.001
0.001
0
0
0.001
0.001
0.001
0.002
0.003
0.001
0.001
0
0.002
0
0.001
0
0
0
0.005
0
0
0.001
0.001
0
0.001
0.004
0
0
0.002
0.001
0
0.001
0
0.001
0
0.001
0.001
0
0.001
0.001
0
0.001
0.001
0.002
0.001
0.001
0
0.001
0
0.001
0.001
0.001
0
0.001
0.001
0.001
0.001
0
0.001
0.001
0
------------- sorted: 0.99 --------------
0.001
0
0
0
0
0.001
0.001
0
0.001
0
0.001
0
0
0.002
0
0.001
0
0.001
0.001
0.001
0.001
0
0
0
0
0
0.002
0.001
0.001
0
0
0
0
0
0
0
0.004
0
0.002
0.002
0.001
0.001
0
0
0
0.003
0.001
0.001
0.001
0
0.001
0
0
0.001
0.001
0
0
0
0
0
0
0
0
0
0.001
0
0
0.001
0.002
0
0.001
0
0.002
0.001
0.001
0.001
0.001
0.003
0.001
0
0.001
0
0
0
0
0
0
0.004
0.001
0.001
0.001
0
0
0
0
0
0
0
0
0
------------- sorted: 0.997 --------------
0
0
0
0
0.007
0
0
0
0.001
0
0.001
0
0
0
0
0
0
0
0
0
0
0
0
0.005
0.001
0
0.001
0.001
0.001
0
0
0
0
0
0
0
0
0
0
0
0.008
0
0.001
0
0
0
0.001
0
0
0
0.002
0
0.001
0
0.001
0
0
0
0
0
0
0
0.004
0
0.001
0
0
0
0
0
0
0
0
0
0
0
0
0
0
0
0
0
0
0
0
0.009
0
0
0.001
0
0.001
0
0
0
0
0
0
0
0
0
------------- sorted: 0 --------------
--------- INVERTED --------- 
0
0.006
0
0
0
0
0
0
0.009
0.002
0.001
0
0.003
0
0.003
0.001
0
0.002
0.001
0.001
0.001
0.002
0
0
0
0
0
0
0
0.009
0.001
0.001
0
0
0
0
0.006
0.002
0
0
0
0
0.007
0.001
0.001
0.001
0
0
0
0
0
0.007
0.002
0
0.003
0.001
0
0
0.004
0.001
0.001
0
0
0
0
0.008
0.001
0.001
0
0
0
0
0
0.007
0.001
0
0
0
0
0.007
0.002
0.001
0.001
0
0
0
0
0
0.008
0.001
0
0.004
0.001
0.002
0
0.002
0.001
0
0
0
----------- size 5------------ 
------------- sorted: 0 --------------
0.011
0.009
0.007
0.002
0.01
0.007
0
0.01
0.01
0.003
0.009
0.003
0.011
0.009
0.008
0.003
0.009
0.008
0.01
0.007
0.007
0.007
0.006
0.009
0.001
0.011
0.015
0.004
0.009
0.008
0
0.012
0.015
0.004
0.01
0.008
0.01
0.01
0.005
0.009
0.007
0.002
0.011
0.01
0.01
0.013
0.005
0.01
0.01
0.008
0.009
0.008
0.002
0.012
0.009
0.008
0.002
0.012
0.007
0.008
0.001
0.015
0.007
0.006
0.009
0.001
0.011
0.009
0.008
0.002
0.013
0.006
0
0.003
0.009
0.01
0
0.006
0.005
0.01
0.011
0.01
0.013
0.007
0.009
0.011
0.01
0.007
0.006
0.006
0.011
0.009
0.007
0.002
0.012
0.007
0
0.003
0.009
0.01
------------- sorted: 0.25 --------------
0.001
0.012
0.007
0
0.011
0.01
0.008
0.004
0.009
0.007
0
0.012
0.008
0.009
0.004
0.009
0.008
0.01
0.007
0.002
0.003
0.009
0.006
0.005
0.01
0.007
0.007
0.004
0.013
0.007
0.008
0.009
0.009
0
0.013
0.007
0.011
0.008
0.006
0.006
0.01
0.005
0.003
0.007
0.011
0.007
0.002
0.007
0.006
0.007
0.007
0.006
0.008
0.006
0.007
0.011
0.008
0.007
0.006
0.006
0.007
0.008
0.011
0.002
0.009
0.009
0.001
0.013
0.006
0
0.007
0.004
0.009
0.001
0.013
0.007
0.008
0.002
0.009
0.009
0.009
0.005
0.006
0.009
0.001
0.008
0.009
0.01
0.005
0.007
0.007
0.006
0.007
0.007
0.009
0.007
0.004
0.009
0.008
0.007
------------- sorted: 0.5 --------------
0.003
0.006
0.004
0.009
0.009
0.008
0.006
0.005
0.008
0.005
0.007
0.007
0.004
0.009
0.007
0.004
0.009
0.007
0.003
0.008
0.009
0.007
0.005
0.008
0.008
0.01
0.006
0.006
0.005
0.007
0.007
0.007
0.006
0.007
0.005
0.007
0.004
0.008
0.004
0.014
0.006
0.007
0.006
0.006
0.007
0.006
0.005
0.006
0.001
0.005
0.005
0.009
0.006
0.006
0.007
0.003
0.005
0.004
0.011
0.007
0.005
0.001
0.006
0.007
0.006
0.005
0.004
0.008
0.008
0.004
0.006
0.008
0.006
0.005
0.009
0.006
0.006
0.007
0.005
0.005
0.009
0.008
0.004
0.007
0.009
0.002
0.009
0.008
0.002
0.012
0.008
0.01
0.002
0.009
0.008
0.003
0.01
0.008
0.002
0.003
------------- sorted: 0.75 --------------
0.008
0.005
0.005
0
0.01
0.004
0.007
0.01
0
0.009
0.006
0.004
0
0.013
0.007
0.008
0.002
0.014
0.005
0
0.011
0.006
0.001
0.011
0.013
0.006
0
0.012
0
0.008
0.008
0.003
0.014
0.005
0
0.011
0.005
0.006
0.006
0.005
0.005
0.006
0.005
0.005
0.006
0.006
0.005
0.005
0.007
0.005
0.007
0.006
0.006
0.004
0.008
0.006
0.006
0.006
0
0.011
0.005
0.001
0.01
0.001
0.009
0.006
0.004
0
0.005
0.006
0.002
0.009
0.001
0.009
0.006
0.005
0.008
0.007
0.005
0.009
0.005
0.003
0.007
0.008
0.007
0.006
0.013
0.006
0.006
0.003
0.01
0.006
0.004
0.005
0.003
0.008
0.006
0.005
0
0.013
------------- sorted: 0.95 --------------
0
0.007
0
0.008
0.002
0
0.01
0.004
0.003
0.001
0.01
0.002
0.006
0.002
0
0.01
0.004
0.003
0.003
0.006
0.004
0.004
0.004
0.004
0.005
0.005
0.007
0.007
0.008
0.005
0.006
0.006
0.005
0.004
0.003
0.008
0.003
0.004
0.003
0.005
0.003
0.005
0.003
0.006
0.004
0.004
0.004
0.002
0.006
0.003
0.006
0.003
0.001
0.006
0.004
0.004
0.003
0.005
0.004
0.007
0.003
0.004
0.004
0.003
0.005
0.004
0.003
0.005
0.004
0.004
0.006
0.006
0.008
0.004
0
0.012
0.005
0.002
0.001
0.003
0.006
0.004
0.001
0.008
0.001
0
0.011
0.003
0.008
0.004
0.002
0
0.008
0.009
0.003
0
0.012
0.008
0.009
0.002
------------- sorted: 0.99 --------------
0
0.007
0.005
0.001
0.004
0.001
0
0.008
0.004
0
0.006
0.005
0.005
0
0.008
0.003
0.004
0.002
0.003
0
0.008
0.002
0.006
0.002
0.004
0.006
0.001
0.005
0.002
0.019
0.008
0.004
0.003
0.003
0.007
0.003
0.003
0.004
0.005
0.007
0.004
0.007
0.002
0.004
0.004
0.005
0
0.011
0.002
0.004
0
0
0.012
0.002
0.003
0.003
0
0.01
0.002
0.004
0.003
0.004
0.004
0.004
0
0.006
0.004
0.004
0.001
0
0.01
0.003
0.002
0.003
0.001
0.007
0.003
0.001
0.001
0.004
0.006
0.003
0.002
0
0.008
0.004
0.004
0.002
0.007
0.001
0.004
0.008
0.005
0
0.01
0.004
0.004
0.006
0.004
0.003
------------- sorted: 0.997 --------------
0
0
0.01
0.004
0.003
0.003
0.007
0.003
0.003
0.005
0.005
0.003
0.002
0
0
0.012
0.002
0.004
0.001
0
0.009
0.003
0.003
0.003
0.002
0.003
0.004
0.003
0.001
0
0.009
0.005
0.002
0.003
0
0.008
0.003
0.001
0.003
0.004
0.003
0.005
0.007
0.006
0.003
0.005
0.004
0.003
0.004
0
0.005
0.006
0.004
0.002
0.004
0.008
0.004
0.004
0.009
0.004
0.004
0.008
0.004
0.005
0.009
0.003
0.011
0.004
0.013
0.002
0.005
0
0.005
0
0.007
0
0.013
0.007
0.005
0.002
0.002
0
0
0.013
0.003
0.003
0.011
0.001
0.006
0.006
0.003
0.006
0.001
0.007
0.003
0.006
0.017
0.004
0.005
0.008
------------- sorted: 0 --------------
--------- INVERTED --------- 
0.005
0.01
0.005
0.008
0.011
0.012
0.007
0.007
0.007
0.011
0.011
0.002
0.01
0.005
0.012
0.012
0.011
0.01
0.011
0.006
0.011
0.011
0.009
0.011
0.006
0.009
0.007
0
0.007
0.009
0.006
0.009
0.006
0.01
0.011
0.007
0.009
0.005
0.012
0.01
0.004
0.012
0.009
0.009
0.01
0.008
0.015
0.009
0.006
0.014
0.007
0.008
0.008
0.008
0.009
0.002
0.014
0.003
0.012
0.006
0.009
0.003
0.015
0.007
0.01
0.007
0.009
0.007
0.009
0.011
0.009
0.009
0.012
0.013
0.009
0.008
0.007
0.01
0.01
0.007
0.007
0.008
0.009
0.007
0.008
0.007
0.009
0.008
0.008
0.007
0.007
0.009
0.006
0.008
0.01
0.007
0.009
0.002
0.018
0
----------- size 10------------ 
------------- sorted: 0 --------------
0.013
0.014
0.019
0.023
0.02
0.019
0.018
0.015
0.017
0.017
0.018
0.018
0.019
0.015
0.014
0.026
0.019
0.019
0.024
0.02
0.012
0.017
0.021
0.022
0.018
0.016
0.017
0.016
0.02
0.033
0.016
0.015
0.009
0.02
0.02
0.015
0.008
0.017
0.019
0.018
0.023
0.018
0.02
0.007
0.015
0.016
0.018
0.018
0.021
0.02
0.014
0.011
0.014
0.021
0.02
0.019
0.016
0.017
0.016
0.013
0.014
0.014
0.016
0.016
0.015
0.016
0.014
0.02
0.024
0.028
0.016
0.017
0.013
0.016
0.021
0.02
0.017
0.012
0.025
0.018
0.019
0.025
0.016
0.015
0.014
0.018
0.02
0.014
0.016
0.019
0.018
0.024
0.02
0.013
0.021
0.016
0.016
0.019
0.016
0.018
------------- sorted: 0.25 --------------
0.018
0.018
0.017
0.023
0.015
0.014
0.015
0.015
0.018
0.014
0.013
0.019
0.019
0.015
0.023
0.018
0.04
0.024
0.021
0.027
0.02
0.022
0.021
0.026
0.028
0.023
0.024
0.017
0.019
0.016
0.026
0.015
0.018
0.015
0.021
0.017
0.025
0.021
0.02
0.019
0.017
0.018
0.016
0.016
0.018
0.019
0.02
0.016
0.018
0.016
0.015
0.018
0.016
0.017
0.016
0.017
0.013
0.021
0.021
0.018
0.014
0.018
0.02
0.02
0.015
0.01
0.022
0.018
0.009
0.02
0.024
0.02
0.028
0.019
0.019
0.013
0.02
0.015
0.007
0.01
0.015
0.011
0.014
0.019
0.018
0.028
0.014
0.018
0.013
0.019
0.012
0.015
0.018
0.015
0.013
0.02
0.025
0.016
0.023
0.011
------------- sorted: 0.5 --------------
0.012
0.016
0.013
0.011
0.019
0.012
0.015
0.012
0.011
0.011
0.017
0.017
0.014
0.019
0.012
0.013
0.011
0.011
0.014
0.015
0.009
0.011
0.016
0.012
0.008
0.011
0.018
0.02
0.017
0.01
0.019
0.013
0.012
0.012
0.012
0.016
0.012
0.013
0.012
0.013
0.016
0.017
0.02
0.013
0.013
0.012
0.014
0.009
0.012
0.019
0.01
0.018
0.011
0.01
0.018
0.008
0.023
0.015
0.011
0.019
0.012
0.014
0.015
0.011
0.014
0.012
0.011
0.009
0.02
0.024
0.014
0.015
0.015
0.012
0.008
0.017
0.012
0.015
0.011
0.009
0.011
0.018
0.018
0.017
0.012
0.02
0.011
0.014
0.005
0.011
0.01
0.012
0.011
0.017
0.01
0.008
0.011
0.013
0.017
0.015
------------- sorted: 0.75 --------------
0.013
0.025
0.008
0.01
0.02
0.009
0.008
0.01
0.01
0.009
0.012
0.013
0.002
0.014
0.006
0.013
0.01
0.012
0.011
0.012
0.011
0.009
0.011
0.009
0.009
0.01
0.012
0.007
0.012
0.008
0.012
0.011
0.009
0.01
0.008
0.01
0.009
0.01
0.011
0.014
0.012
0.014
0.005
0.016
0.006
0.012
0.012
0.008
0.009
0.009
0.009
0.004
0.015
0.009
0.004
0.009
0.005
0.017
0.011
0.014
0.01
0.011
0.009
0.012
0.009
0.009
0.009
0.009
0.002
0.013
0.006
0.011
0.009
0.01
0.013
0.006
0.012
0.008
0.012
0.012
0.01
0.017
0.009
0.01
0.008
0.01
0.009
0.009
0.002
0.006
0.001
0.014
0.012
0.012
0.013
0.01
0.009
0.011
0.012
0.01
------------- sorted: 0.95 --------------
0.008
0.014
0.007
0.013
0.003
0.011
0.008
0.009
0.002
0.011
0.008
0.01
0.001
0.014
0.006
0.011
0.008
0.009
0.011
0.011
0.008
0.005
0.006
0.011
0.009
0.006
0.001
0.013
0.008
0.008
0.01
0.01
0.009
0.009
0.012
0.008
0.008
0.004
0.015
0.005
0.01
0.007
0.007
0.004
0.013
0.008
0.01
0.016
0.002
0.011
0.009
0.009
0.001
0.013
0.006
0.009
0.011
0.009
0.001
0.019
0.012
0.007
0.008
0.001
0.014
0.005
0.009
0.003
0.007
0.01
0.016
0.004
0.013
0.007
0.008
0.002
0.013
0.005
0.009
0.01
0.011
0.008
0.009
0.021
0.012
0.014
0.008
0.008
0.009
0.008
0.001
0.014
0.006
0.01
0.01
0.006
0.015
0.005
0.011
0.008
------------- sorted: 0.99 --------------
0.006
0.009
0.014
0.006
0.01
0.007
0.012
0.009
0.009
0.009
0.007
0.006
0.005
0.007
0.006
0.004
0.008
0.006
0.005
0.007
0.006
0.007
0.006
0.008
0.002
0.009
0.009
0.004
0.009
0.006
0.004
0.006
0.01
0.008
0.004
0.013
0.007
0.008
0.008
0.01
0
0.01
0.01
0
0.011
0.009
0.01
0
0.013
0.006
0.001
0.012
0.006
0.001
0.011
0.007
0.006
0.005
0
0.013
0.006
0
0.011
0.008
0.008
0.005
0.013
0.005
0.01
0.008
0.006
0.006
0.008
0.006
0.006
0.008
0.001
0.014
0.006
0.008
0.009
0.009
0.002
0.016
0.004
0.01
0.01
0.01
0.013
0.007
0.011
0.008
0.008
0.005
0.005
0.005
0.002
0.011
0.008
0.001
------------- sorted: 0.997 --------------
0.007
0.007
0.006
0.004
0.009
0.003
0.007
0.006
0.001
0.009
0.006
0.004
0.01
0.001
0.009
0.006
0.001
0.014
0.012
0.005
0.007
0.002
0.01
0
0.012
0.01
0.012
0.004
0.008
0
0.009
0.006
0.004
0.006
0.001
0.009
0.008
0.008
0.007
0.006
0.007
0.007
0.015
0.006
0.006
0.008
0.005
0.005
0.006
0.008
0.001
0.011
0.004
0.005
0.009
0.006
0.005
0.008
0.002
0.012
0.007
0
0.011
0.007
0.002
0.01
0
0.01
0.01
0.007
0.006
0.008
0.011
0.008
0.009
0.001
0.01
0
0.009
0.009
0.001
0.01
0.005
0.006
0.009
0.011
0.01
0.003
0.005
0.012
0
0.011
0.007
0.001
0.011
0
0.012
0.006
0
0.012
------------- sorted: 0 --------------
--------- INVERTED --------- 
0.015
0.018
0.029
0.012
0.017
0.011
0.02
0.019
0.01
0.019
0.009
0.014
0.022
0.017
0.013
0.014
0.018
0.02
0.019
0.012
0.011
0.019
0.011
0.025
0.026
0.017
0.011
0.013
0.013
0.013
0.017
0.014
0.015
0.017
0.014
0.006
0.015
0.022
0.02
0.021
0.013
0.01
0.014
0.01
0.018
0.01
0.02
0.02
0.025
0.02
0.015
0.012
0.017
0.02
0.02
0.018
0.014
0.012
0.019
0.02
0.023
0.017
0.015
0.019
0.012
0.018
0.015
0.015
0.009
0.019
0.014
0.014
0.012
0.018
0.014
0.016
0.018
0.013
0.019
0.007
0.012
0.018
0.014
0.014
0.014
0.014
0.009
0.02
0.01
0.02
0.018
0.028
0.018
0.014
0.015
0.011
0.019
0.019
0.01
0.02
----------- size 50------------ 
------------- sorted: 0 --------------
0.082
0.08
0.082
0.092
0.072
0.079
0.087
0.08
0.074
0.075
0.092
0.078
0.079
0.08
0.085
0.079
0.081
0.075
0.073
0.067
0.082
0.074
0.092
0.092
0.072
0.083
0.083
0.082
0.083
0.078
0.079
0.077
0.071
0.09
0.076
0.077
0.078
0.075
0.076
0.079
0.082
0.106
0.078
0.083
0.08
0.071
0.077
0.074
0.074
0.094
0.077
0.076
0.079
0.07
0.079
0.074
0.08
0.073
0.081
0.091
0.085
0.075
0.073
0.081
0.072
0.066
0.099
0.077
0.085
0.069
0.081
0.08
0.072
0.08
0.082
0.084
0.078
0.081
0.101
0.081
0.069
0.075
0.103
0.082
0.091
0.077
0.081
0.088
0.074
0.081
0.087
0.084
0.077
0.083
0.095
0.068
0.089
0.07
0.09
0.077
------------- sorted: 0.25 --------------
0.092
0.08
0.072
0.077
0.068
0.085
0.094
0.078
0.08
0.079
0.076
0.079
0.066
0.069
0.075
0.08
0.09
0.067
0.083
0.092
0.082
0.077
0.074
0.07
0.101
0.081
0.084
0.07
0.07
0.082
0.078
0.088
0.073
0.067
0.111
0.083
0.09
0.07
0.074
0.084
0.069
0.072
0.069
0.073
0.09
0.073
0.075
0.065
0.078
0.083
0.071
0.077
0.101
0.074
0.073
0.064
0.065
0.079
0.065
0.079
0.082
0.072
0.083
0.067
0.078
0.082
0.075
0.083
0.08
0.066
0.085
0.084
0.077
0.073
0.069
0.086
0.072
0.082
0.076
0.074
0.082
0.071
0.083
0.062
0.086
0.071
0.076
0.073
0.067
0.081
0.071
0.078
0.07
0.072
0.08
0.074
0.083
0.085
0.074
0.081
------------- sorted: 0.5 --------------
0.082
0.065
0.063
0.074
0.071
0.073
0.068
0.062
0.066
0.057
0.071
0.054
0.067
0.067
0.053
0.068
0.063
0.056
0.066
0.066
0.075
0.058
0.055
0.06
0.068
0.056
0.057
0.068
0.07
0.069
0.061
0.078
0.06
0.069
0.068
0.053
0.085
0.072
0.055
0.07
0.066
0.069
0.057
0.061
0.063
0.062
0.061
0.068
0.059
0.066
0.076
0.059
0.053
0.059
0.082
0.059
0.062
0.076
0.052
0.055
0.06
0.075
0.075
0.081
0.063
0.061
0.056
0.057
0.059
0.066
0.068
0.063
0.07
0.069
0.059
0.067
0.058
0.059
0.062
0.054
0.072
0.065
0.063
0.06
0.061
0.063
0.054
0.055
0.062
0.058
0.08
0.069
0.069
0.071
0.063
0.06
0.061
0.067
0.063
0.06
------------- sorted: 0.75 --------------
0.059
0.057
0.06
0.05
0.048
0.061
0.062
0.05
0.051
0.062
0.053
0.048
0.052
0.063
0.052
0.057
0.048
0.048
0.051
0.048
0.052
0.053
0.064
0.051
0.059
0.055
0.061
0.06
0.05
0.05
0.061
0.055
0.05
0.049
0.061
0.051
0.063
0.054
0.051
0.05
0.052
0.067
0.065
0.07
0.067
0.052
0.063
0.046
0.051
0.058
0.052
0.048
0.05
0.054
0.063
0.05
0.059
0.049
0.059
0.052
0.046
0.054
0.056
0.059
0.059
0.061
0.043
0.054
0.066
0.063
0.051
0.049
0.055
0.059
0.051
0.053
0.051
0.074
0.051
0.057
0.048
0.062
0.058
0.05
0.05
0.069
0.054
0.053
0.055
0.061
0.06
0.05
0.061
0.052
0.055
0.053
0.061
0.049
0.05
0.06
------------- sorted: 0.95 --------------
0.046
0.039
0.041
0.04
0.032
0.044
0.039
0.035
0.039
0.029
0.044
0.043
0.037
0.04
0.034
0.045
0.04
0.035
0.041
0.039
0.045
0.045
0.037
0.038
0.031
0.035
0.039
0.047
0.053
0.043
0.036
0.047
0.033
0.039
0.05
0.04
0.038
0.041
0.031
0.043
0.035
0.037
0.041
0.039
0.03
0.04
0.04
0.041
0.046
0.045
0.042
0.042
0.046
0.041
0.039
0.035
0.033
0.04
0.047
0.036
0.033
0.041
0.041
0.039
0.043
0.03
0.037
0.038
0.048
0.042
0.047
0.04
0.038
0.039
0.04
0.032
0.034
0.036
0.034
0.038
0.042
0.036
0.046
0.039
0.062
0.041
0.037
0.048
0.039
0.038
0.05
0.042
0.043
0.042
0.036
0.037
0.041
0.038
0.031
0.031
------------- sorted: 0.99 --------------
0.031
0.03
0.036
0.037
0.033
0.035
0.033
0.038
0.043
0.048
0.034
0.03
0.034
0.032
0.042
0.04
0.032
0.037
0.035
0.035
0.032
0.044
0.032
0.032
0.034
0.032
0.034
0.034
0.043
0.025
0.032
0.034
0.031
0.033
0.041
0.036
0.034
0.037
0.029
0.037
0.043
0.029
0.044
0.04
0.037
0.036
0.039
0.034
0.033
0.035
0.035
0.037
0.034
0.035
0.041
0.042
0.035
0.033
0.035
0.037
0.032
0.032
0.032
0.029
0.036
0.031
0.033
0.036
0.028
0.032
0.034
0.04
0.041
0.039
0.041
0.034
0.033
0.028
0.039
0.027
0.036
0.032
0.029
0.028
0.04
0.029
0.037
0.034
0.028
0.037
0.039
0.043
0.037
0.036
0.032
0.035
0.038
0.031
0.029
0.03
------------- sorted: 0.997 --------------
0.045
0.032
0.037
0.027
0.041
0.035
0.034
0.036
0.035
0.028
0.024
0.035
0.031
0.031
0.033
0.035
0.032
0.033
0.035
0.045
0.058
0.038
0.037
0.03
0.034
0.033
0.041
0.036
0.031
0.031
0.038
0.036
0.041
0.038
0.033
0.028
0.031
0.037
0.04
0.035
0.035
0.039
0.032
0.033
0.034
0.036
0.032
0.039
0.033
0.026
0.03
0.044
0.042
0.031
0.035
0.033
0.038
0.03
0.042
0.038
0.033
0.027
0.027
0.031
0.04
0.032
0.031
0.038
0.03
0.03
0.036
0.04
0.031
0.039
0.032
0.041
0.04
0.029
0.036
0.032
0.033
0.031
0.036
0.029
0.04
0.029
0.033
0.032
0.044
0.035
0.035
0.031
0.036
0.038
0.034
0.036
0.033
0.031
0.035
0.031
------------- sorted: 0 --------------
--------- INVERTED --------- 
0.077
0.083
0.097
0.08
0.083
0.076
0.075
0.09
0.078
0.092
0.08
0.098
0.076
0.071
0.079
0.072
0.074
0.084
0.073
0.079
0.076
0.074
0.086
0.083
0.087
0.088
0.071
0.073
0.088
0.076
0.08
0.076
0.077
0.077
0.078
0.078
0.071
0.076
0.081
0.1
0.075
0.083
0.073
0.091
0.091
0.069
0.079
0.09
0.091
0.077
0.081
0.08
0.074
0.095
0.087
0.072
0.083
0.088
0.085
0.096
0.087
0.082
0.075
0.079
0.083
0.079
0.079
0.082
0.071
0.084
0.079
0.084
0.077
0.072
0.089
0.073
0.094
0.073
0.069
0.079
0.074
0.106
0.08
0.075
0.078
0.072
0.076
0.076
0.073
0.088
0.074
0.089
0.079
0.076
0.085
0.077
0.077
0.08
0.084
0.08
----------- size 100------------ 
------------- sorted: 0 --------------
0.152
0.142
0.162
0.169
0.162
0.148
0.165
0.15
0.168
0.176
0.148
0.152
0.169
0.169
0.158
0.154
0.156
0.193
0.162
0.15
0.163
0.16
0.153
0.158
0.162
0.151
0.15
0.171
0.163
0.168
0.154
0.169
0.145
0.17
0.154
0.151
0.153
0.158
0.15
0.152
0.151
0.158
0.149
0.15
0.161
0.15
0.163
0.156
0.155
0.162
0.155
0.16
0.151
0.15
0.143
0.154
0.164
0.157
0.15
0.162
0.153
0.151
0.163
0.16
0.146
0.16
0.174
0.253
0.259
0.223
0.232
0.257
0.266
0.278
0.252
0.226
0.241
0.267
0.267
0.249
0.256
0.25
0.261
0.25
0.265
0.26
0.251
0.28
0.256
0.26
0.254
0.268
0.262
0.272
0.316
0.258
0.269
0.251
0.27
0.272
------------- sorted: 0.25 --------------
0.232
0.325
0.319
0.351
0.31
0.219
0.219
0.261
0.223
0.219
0.23
0.244
0.22
0.216
0.226
0.237
0.218
0.248
0.218
0.22
0.267
0.257
0.242
0.239
0.22
0.211
0.201
0.246
0.228
0.218
0.237
0.245
0.21
0.225
0.22
0.239
0.213
0.24
0.223
0.237
0.252
0.219
0.25
0.218
0.241
0.24
0.228
0.23
0.233
0.252
0.232
0.24
0.226
0.336
0.271
0.248
0.243
0.32
0.338
0.282
0.35
0.27
0.273
0.318
0.299
0.313
0.258
0.281
0.251
0.254
0.262
0.234
0.235
0.318
0.289
0.252
0.338
0.271
0.234
0.257
0.311
0.343
0.258
0.313
0.261
0.3
0.35
0.269
0.25
0.229
0.24
0.14
0.15
0.195
0.21
0.295
0.247
0.181
0.181
0.161
------------- sorted: 0.5 --------------
0.138
0.147
0.139
0.147
0.153
0.148
0.153
0.163
0.138
0.169
0.147
0.138
0.131
0.148
0.144
0.17
0.14
0.16
0.15
0.151
0.17
0.16
0.17
0.19
0.169
0.14
0.191
0.184
0.155
0.151
0.141
0.172
0.136
0.155
0.17
0.143
0.17
0.129
0.17
0.15
0.13
0.185
0.151
0.16
0.15
0.15
0.135
0.145
0.134
0.131
0.134
0.186
0.121
0.14
0.151
0.141
0.159
0.137
0.141
0.135
0.149
0.127
0.114
0.111
0.101
0.103
0.102
0.21
0.175
0.195
0.18
0.242
0.244
0.235
0.204
0.175
0.186
0.193
0.16
0.175
0.201
0.175
0.186
0.21
0.17
0.173
0.192
0.325
0.242
0.205
0.18
0.173
0.131
0.155
0.142
0.386
0.145
0.14
0.14
0.149
------------- sorted: 0.75 --------------
0.125
0.134
0.134
0.115
0.133
0.133
0.12
0.115
0.11
0.113
0.143
0.115
0.15
0.134
0.14
0.159
0.12
0.145
0.11
0.116
0.11
0.11
0.12
0.13
0.12
0.12
0.1
0.1
0.12
0.11
0.11
0.11
0.11
0.12
0.12
0.11
0.109
0.12
0.1
0.11
0.11
0.154
0.154
0.111
0.11
0.11
0.1
0.112
0.11
0.145
0.155
0.16
0.125
0.14
0.185
0.23
0.162
0.149
0.152
0.145
0.125
0.1
0.133
0.13
0.135
0.145
0.115
0.1
0.1
0.11
0.12
0.09
0.12
0.105
0.13
0.155
0.13
0.115
0.11
0.1
0.11
0.1
0.121
0.11
0.11
0.1
0.11
0.115
0.1
0.12
0.11
0.105
0.1
0.1
0.11
0.11
0.11
0.105
0.105
0.1
------------- sorted: 0.95 --------------
0.15
0.397
0.11
0.13
0.154
0.111
0.284
0.221
0.107
0.122
0.106
0.118
0.088
0.1
0.095
0.1
0.095
0.095
0.2
0.111
0.101
0.147
0.152
0.122
0.085
0.08
0.1
0.12
0.1
0.09
0.09
0.095
0.09
0.094
0.08
0.114
0.1
0.11
0.09
0.085
0.07
0.13
0.1
0.11
0.17
0.23
0.16
0.266
0.179
0.158
0.103
0.09
0.1
0.09
0.08
0.09
0.09
0.1
0.08
0.074
0.09
0.09
0.105
0.09
0.1
0.105
0.1
0.115
0.11
0.11
0.095
0.09
0.09
0.1
0.095
0.1
0.11
0.1
0.105
0.095
0.115
0.095
0.09
0.08
0.09
0.085
0.085
0.08
0.07
0.09
0.09
0.09
0.09
0.08
0.08
0.08
0.09
0.09
0.09
0.12
------------- sorted: 0.99 --------------
0.204
0.188
0.127
0.096
0.092
0.11
0.111
0.1
0.105
0.094
0.122
0.133
0.092
0.09
0.09
0.09
0.08
0.08
0.08
0.086
0.085
0.09
0.11
0.1
0.11
0.106
0.079
0.08
0.135
0.379
0.265
0.138
0.095
0.195
0.129
0.173
0.163
0.105
0.097
0.09
0.08
0.095
0.075
0.072
0.08
0.09
0.09
0.13
0.095
0.08
0.09
0.091
0.089
0.085
0.08
0.112
0.205
0.12
0.079
0.08
0.078
0.08
0.075
0.09
0.075
0.08
0.08
0.085
0.075
0.08
0.074
0.086
0.09
0.082
0.08
0.08
0.08
0.1
0.1
0.08
0.085
0.08
0.08
0.08
0.08
0.08
0.069
0.07
0.08
0.07
0.085
0.064
0.11
0.09
0.08
0.085
0.075
0.092
0.076
0.08
------------- sorted: 0.997 --------------
0.08
0.072
0.074
0.075
0.085
0.09
0.085
0.095
0.115
0.08
0.1
0.08
0.09
0.08
0.085
0.07
0.135
0.135
0.125
0.136
0.11
0.081
0.091
0.078
0.09
0.087
0.087
0.098
0.081
0.08
0.082
0.091
0.082
0.091
0.084
0.09
0.088
0.083
0.09
0.075
0.083
0.08
0.075
0.085
0.092
0.07
0.085
0.07
0.074
0.08
0.08
0.09
0.084
0.07
0.078
0.07
0.07
0.09
0.085
0.075
0.08
0.08
0.075
0.085
0.099
0.075
0.08
0.08
0.074
0.076
0.081
0.065
0.079
0.084
0.085
0.071
0.089
0.07
0.075
0.073
0.08
0.07
0.07
0.08
0.08
0.075
0.08
0.08
0.08
0.082
0.078
0.075
0.073
0.08
0.08
0.075
0.11
0.117
0.098
0.08
------------- sorted: 0 --------------
--------- INVERTED --------- 
0.16
0.173
0.177
0.17
0.175
0.185
0.165
0.165
0.17
0.18
0.176
0.165
0.17
0.18
0.165
0.165
0.181
0.175
0.17
0.16
0.17
0.175
0.17
0.167
0.174
0.17
0.165
0.169
0.199
0.161
0.175
0.18
0.17
0.184
0.17
0.165
0.172
0.164
0.17
0.167
0.187
0.19
0.175
0.195
0.185
0.17
0.18
0.19
0.173
0.18
0.155
0.155
0.17
0.158
0.171
0.164
0.17
0.17
0.161
0.174
0.164
0.175
0.17
0.18
0.17
0.18
0.169
0.175
0.18
0.175
0.17
0.165
0.18
0.17
0.17
0.18
0.165
0.17
0.175
0.18
0.16
0.18
0.17
0.17
0.16
0.16
0.17
0.167
0.174
0.17
0.175
0.17
0.17
0.177
0.18
0.18
0.165
0.16
0.163
0.18
--------------------------- MERGE ---------------------------
----------- size 1------------ 
------------- sorted: 0 --------------
0
0
0
0.01
0
0
0
0
0.01
0
0
0.001
0
0.003
0
0
0.005
0
0
0.005
0.005
0
0
0.005
0
0
0.005
0
0.005
0
0.005
0
0.005
0
0
0.005
0
0
0
0
0
0.01
0
0
0
0
0.01
0
0
0
0.01
0
0
0
0
0
0.01
0
0
0.007
0
0
0
0
0
0
0
0
0.006
0
0
0
0.01
0
0
0
0
0.01
0
0.005
0
0
0.005
0
0
0
0
0
0.01
0
0
0
0.01
0
0
0
0
0.002
0
0
------------- sorted: 0.25 --------------
0.009
0
0
0
0.007
0.003
0
0
0
0
0
0
0.01
0
0
0
0
0
0.012
0.002
0
0
0.006
0.005
0
0.005
0
0
0
0
0
0
0.01
0
0
0.005
0
0
0.005
0
0
0
0
0.01
0
0
0
0
0.014
0.002
0.004
0.001
0.004
0.003
0.002
0
0
0
0
0
0
0.01
0
0
0
0
0
0
0
0
0
0
0.01
0.005
0
0
0
0.002
0.002
0
0
0
0.006
0
0
0
0
0
0
0.01
0
0
0
0.01
0
0
0
0
0
0.01
------------- sorted: 0.5 --------------
0
0.005
0
0
0
0.005
0
0
0
0
0.008
0.002
0
0
0
0
0
0
0
0.01
0
0
0
0
0
0
0
0
0
0
0.01
0
0
0
0
0
0.013
0.003
0
0.004
0
0
0
0
0
0
0
0.005
0
0
0
0
0.005
0
0
0.005
0
0
0
0.005
0
0
0
0
0
0
0.01
0
0
0
0
0.008
0
0.002
0
0
0
0.005
0
0
0.005
0
0
0
0
0
0
0.01
0
0
0
0
0
0.01
0
0
0
0
0
0.01
------------- sorted: 0.75 --------------
0
0
0
0
0
0.004
0
0
0.005
0
0
0
0.005
0
0
0
0
0
0.01
0
0
0
0
0
0
0.01
0
0
0
0
0
0
0
0.01
0
0
0
0
0
0
0
0.008
0.002
0
0
0
0
0
0
0.01
0
0
0
0
0
0
0
0.01
0
0.005
0.002
0
0
0.003
0
0
0
0
0
0
0
0
0
0.01
0
0
0
0
0
0
0
0.01
0
0
0
0
0
0
0
0
0.01
0
0
0.005
0
0
0
0
0
0
------------- sorted: 0.95 --------------
0
0
0
0
0
0.011
0
0
0
0
0
0
0
0
0.009
0
0
0
0
0
0
0.007
0
0.003
0
0
0
0
0
0
0
0
0
0
0.01
0
0
0
0
0
0
0.01
0
0
0
0
0
0
0.01
0
0
0
0
0
0
0
0
0
0.01
0
0
0
0
0.005
0
0
0
0
0.005
0
0
0
0
0
0.005
0
0
0
0
0.005
0
0
0
0
0
0
0
0
0.01
0
0
0
0
0
0
0
0
0
0.012
0.002
------------- sorted: 0.99 --------------
0.003
0
0.002
0.001
0
0
0.005
0.003
0
0.002
0
0
0
0
0
0
0
0
0
0
0.01
0
0
0
0
0
0
0
0
0
0.01
0
0
0
0.005
0
0
0
0.005
0
0
0
0
0
0
0
0
0
0
0
0.01
0
0
0
0
0
0
0
0.01
0
0
0
0
0
0
0
0.01
0
0
0
0
0
0
0
0
0
0.005
0
0
0
0
0
0.005
0
0
0.005
0
0
0
0
0
0.005
0
0
0
0
0
0.005
0
0
------------- sorted: 0.997 --------------
0
0
0
0.005
0.002
0
0.002
0.001
0
0
0
0
0
0
0
0
0
0
0.01
0
0
0
0
0.005
0
0
0
0
0
0.005
0
0
0
0
0
0
0
0
0
0
0.01
0
0.005
0
0
0
0.005
0
0
0.005
0
0
0.005
0.005
0.002
0
0
0.003
0
0
0
0
0
0
0
0
0
0.01
0
0
0
0.005
0
0
0
0.005
0
0
0
0
0
0.005
0
0
0
0
0
0.005
0
0
0
0
0.005
0.003
0
0.002
0
0
0
0
------------- sorted: 0 --------------
--------- INVERTED --------- 
0
0.012
0.002
0
0.006
0
0
0
0
0
0
0.005
0
0
0.004
0
0
0.005
0
0.005
0
0
0.005
0
0
0.005
0
0
0
0
0.01
0
0
0.005
0
0.005
0
0
0
0
0.01
0
0
0
0.008
0.002
0
0
0
0
0
0.015
0.002
0.003
0.005
0
0.005
0
0
0.005
0
0
0.005
0
0
0.005
0.005
0
0
0
0.01
0
0
0
0
0
0
0
0
0
0.01
0
0.005
0
0.005
0.005
0
0.002
0
0
0
0
0
0.01
0
0.005
0
0
0
0
----------- size 5------------ 
------------- sorted: 0 --------------
0.016
0.014
0.01
0.02
0.01
0.01
0.01
0.01
0.01
0.009
0.016
0.01
0.02
0.01
0.01
0.01
0.01
0.015
0.01
0.005
0.01
0.01
0.015
0.005
0.02
0.01
0.01
0.014
0.016
0.01
0.02
0.01
0.01
0.005
0.01
0.007
0.01
0.01
0.01
0.01
0.01
0.01
0.02
0.015
0.012
0.01
0.005
0.01
0.01
0.01
0.01
0.015
0.015
0.015
0.002
0.02
0.015
0.02
0.01
0.01
0
0.01
0.01
0.01
0.01
0.01
0.01
0.01
0.01
0.005
0.02
0.01
0.02
0.01
0.01
0.02
0.01
0.014
0.006
0.015
0.005
0.02
0.016
0.009
0.015
0.01
0.01
0.014
0.006
0.01
0.02
0.01
0.01
0.01
0.02
0.01
0.01
0.02
0.02
0.015
------------- sorted: 0.25 --------------
0.005
0.02
0.01
0.01
0.01
0.01
0.012
0.008
0.01
0.01
0.02
0.015
0.005
0.01
0.01
0.01
0.014
0.011
0.01
0.01
0.01
0.01
0.01
0.02
0.01
0.008
0.01
0.01
0.015
0.005
0.01
0.01
0.01
0
0.02
0
0.022
0.018
0.01
0.015
0.006
0.009
0.01
0.01
0.01
0.014
0.011
0.005
0.01
0.01
0.01
0.01
0.011
0.019
0
0.01
0.015
0.01
0.015
0.01
0.01
0.01
0.01
0.01
0.014
0.006
0.014
0.011
0.01
0.005
0.01
0.01
0.005
0.02
0.01
0
0
0
0.02
0.01
0.015
0.01
0.01
0.01
0.01
0.01
0.01
0.01
0
0.014
0.005
0
0.01
0.02
0
0.01
0.01
0.01
0.02
0.012
------------- sorted: 0.5 --------------
0.008
0
0.015
0.005
0.01
0.005
0
0.01
0.01
0.01
0.01
0.01
0.01
0.015
0.005
0.01
0.01
0.01
0.01
0.011
0.009
0.01
0.01
0.01
0.015
0.015
0.01
0.01
0
0.02
0
0.005
0
0.01
0.01
0.014
0.011
0.005
0.01
0.01
0.01
0.01
0
0.01
0.015
0.01
0.015
0.01
0.009
0
0.01
0.01
0.01
0.01
0.01
0.01
0.02
0.015
0.01
0.005
0.02
0.017
0.005
0.01
0.01
0.011
0.01
0.008
0.003
0.013
0.009
0.008
0.01
0.008
0.012
0.008
0.013
0.014
0.004
0.008
0.01
0.01
0.002
0
0.01
0.01
0.01
0.01
0.022
0.013
0.005
0.01
0.01
0.01
0.01
0.02
0.01
0.01
0
0.008
------------- sorted: 0.75 --------------
0.01
0
0.016
0
0.01
0.005
0.01
0.005
0.01
0.01
0.01
0.002
0.008
0.018
0.013
0.009
0.015
0.01
0.005
0.013
0.008
0.009
0.005
0.005
0.01
0.01
0
0.01
0
0.015
0.016
0.008
0.01
0.01
0.01
0.01
0.01
0.01
0.005
0.005
0.005
0.025
0.01
0.011
0.009
0.01
0.005
0.016
0.009
0.01
0.007
0.008
0.015
0.005
0.01
0.01
0.01
0.01
0.015
0.005
0.014
0.011
0.005
0.015
0.015
0.005
0.01
0.015
0.01
0
0.012
0.008
0.014
0.011
0.01
0.015
0.01
0.01
0.01
0.012
0.007
0.01
0
0.01
0.01
0.006
0.004
0.01
0.005
0.005
0.01
0.005
0.01
0.007
0.008
0
0.01
0.01
0.01
0.01
------------- sorted: 0.95 --------------
0.011
0.01
0.004
0.005
0.005
0.005
0.005
0.002
0.008
0.005
0.005
0.005
0.005
0.01
0
0.01
0.005
0.005
0.005
0.011
0.004
0.01
0
0.01
0
0.008
0.01
0
0.021
0.004
0.005
0.005
0
0.01
0.005
0
0.01
0.005
0.007
0.008
0
0.01
0
0.01
0.01
0.01
0
0.01
0
0.015
0.005
0
0.01
0.002
0.013
0.005
0
0.02
0
0.01
0
0.01
0.01
0.01
0
0.01
0.01
0.003
0.007
0
0.01
0.007
0.003
0.01
0.005
0.005
0
0.01
0.01
0.006
0.004
0.015
0.005
0
0.007
0.01
0
0.01
0.006
0.004
0
0.01
0.01
0.01
0.005
0.005
0.005
0.005
0.01
0.003
------------- sorted: 0.99 --------------
0.007
0.01
0.015
0.006
0
0.013
0.006
0
0.01
0.005
0.005
0
0.01
0
0.012
0.008
0.005
0.01
0.005
0.01
0
0.014
0.006
0.01
0
0.01
0
0.018
0.004
0
0.008
0.01
0
0.01
0.005
0.005
0.005
0.007
0.008
0
0.01
0
0.01
0.01
0
0.013
0
0.012
0.005
0
0.01
0.01
0.005
0.005
0
0.01
0
0.017
0.008
0.005
0
0.013
0.007
0
0.015
0.005
0
0.01
0
0.01
0
0.015
0.005
0
0.01
0.007
0.003
0.005
0.008
0.007
0
0.014
0.006
0
0
0.01
0
0.01
0.01
0
0.01
0.01
0
0.013
0.007
0.01
0.005
0.005
0
0.01
------------- sorted: 0.997 --------------
0.01
0.016
0.004
0.005
0.005
0.01
0.005
0.005
0.003
0.011
0.006
0.005
0.005
0.01
0
0.01
0
0.01
0.01
0.01
0.005
0.005
0
0.01
0.004
0.006
0
0.014
0
0.006
0
0.02
0
0
0.015
0.005
0.005
0.005
0.005
0.005
0
0.013
0.007
0
0.011
0.003
0.006
0.01
0
0.01
0.01
0
0
0.01
0.01
0
0.018
0.002
0.01
0.005
0.005
0
0.01
0.01
0
0.01
0
0.01
0.005
0.005
0
0.01
0.01
0.003
0.007
0
0.01
0
0.01
0.011
0.002
0.007
0
0.017
0.003
0.01
0.01
0
0.013
0.007
0.005
0.005
0
0.01
0
0.016
0.004
0
0.01
0.01
------------- sorted: 0 --------------
--------- INVERTED --------- 
0.01
0.01
0.013
0.007
0.02
0.01
0.015
0.005
0.015
0.005
0.015
0.01
0.01
0.01
0.01
0.01
0.02
0.018
0.011
0.014
0.01
0.01
0.005
0.02
0.014
0.01
0.006
0.02
0.01
0.01
0.01
0.02
0.01
0.01
0.01
0.01
0.015
0.01
0.01
0.01
0.01
0.01
0.011
0.016
0.009
0.01
0.01
0.015
0.005
0.01
0.01
0.015
0.015
0.01
0.01
0.01
0.005
0.02
0.01
0.01
0.01
0.01
0.01
0.01
0.01
0.01
0.01
0.015
0.01
0.01
0.023
0.007
0.02
0.01
0.01
0.01
0.015
0.01
0.02
0.01
0.015
0.005
0.01
0.025
0.015
0.01
0.01
0.014
0.011
0.01
0.01
0.02
0.01
0.01
0.01
0.02
0.01
0.01
0.01
0.02
----------- size 10------------ 
------------- sorted: 0 --------------
0.03
0.025
0.02
0.02
0.03
0.03
0.025
0.015
0.03
0.02
0.025
0.022
0.03
0.02
0.024
0.02
0.02
0.018
0.02
0.03
0.025
0.02
0.022
0.028
0.02
0.025
0.025
0.025
0.037
0.02
0.03
0.025
0.025
0.02
0.02
0.031
0.029
0.02
0.025
0.02
0.023
0.032
0.025
0.025
0.03
0.02
0.02
0.03
0.023
0.027
0.02
0.03
0.03
0.015
0.04
0.02
0.03
0.02
0.024
0.02
0.02
0.02
0.03
0.02
0.034
0.016
0.03
0.02
0.025
0.025
0.03
0.025
0.03
0.024
0.031
0.015
0.02
0.02
0.016
0.02
0.02
0.019
0.02
0.02
0.03
0.02
0.03
0.03
0.028
0.025
0.03
0.02
0.015
0.02
0.029
0.025
0.025
0.025
0.03
0.025
------------- sorted: 0.25 --------------
0.02
0.025
0.03
0.015
0.02
0.03
0.02
0.025
0.02
0.03
0.01
0.019
0.02
0.02
0.024
0.02
0.037
0.023
0.025
0.02
0.02
0.03
0.02
0.02
0.02
0.03
0.015
0.01
0.024
0.016
0.02
0.02
0.01
0.03
0.02
0.03
0.02
0.02
0.02
0.02
0.03
0.02
0.03
0.015
0.025
0.015
0.02
0.02
0.02
0.02
0.02
0.019
0.025
0.02
0.02
0.02
0.015
0.031
0.019
0.03
0.03
0.01
0.01
0.02
0.025
0.02
0.02
0.025
0.021
0.025
0.024
0.02
0.03
0.02
0.02
0.02
0.02
0.015
0.026
0.019
0.03
0.02
0.02
0.02
0.024
0.02
0.012
0.02
0.02
0.026
0.014
0.03
0.03
0.025
0.03
0.025
0.02
0.021
0.029
0.025
------------- sorted: 0.5 --------------
0.01
0.02
0.025
0.018
0.02
0.02
0.02
0.021
0.019
0.02
0.02
0.02
0.02
0.02
0.01
0.02
0.02
0.02
0.02
0.02
0.02
0.02
0.018
0.02
0.02
0.02
0.02
0.02
0.02
0.02
0.02
0.01
0.025
0.016
0.019
0.02
0.02
0.022
0.018
0.027
0.015
0.015
0.02
0.024
0.021
0.015
0.02
0.02
0.025
0.015
0.01
0.025
0.01
0.035
0.019
0.02
0.022
0.014
0.02
0.015
0.024
0.016
0.021
0.015
0.02
0.017
0.011
0.025
0.015
0.02
0.02
0.024
0.016
0.015
0.01
0.02
0.02
0.02
0.02
0.02
0.02
0.01
0.02
0.022
0.008
0.02
0.026
0.024
0.02
0.02
0.02
0.02
0.02
0.02
0.02
0.025
0.015
0.02
0.011
0.014
------------- sorted: 0.75 --------------
0.016
0.02
0.01
0.02
0.015
0.02
0.016
0.008
0.015
0.015
0.01
0.025
0.015
0.01
0.02
0.02
0.01
0.01
0.025
0.015
0.022
0.016
0.015
0.015
0.014
0.016
0.015
0.015
0.02
0.02
0.01
0.015
0.015
0.01
0.02
0.021
0.019
0.01
0.025
0.015
0.01
0.02
0.01
0.02
0.027
0.018
0.015
0.01
0.02
0.02
0.02
0.02
0.01
0.017
0.014
0.016
0.015
0.01
0.02
0.015
0.015
0.024
0.016
0.01
0.022
0.01
0.02
0.015
0.01
0.031
0.015
0.015
0.011
0.015
0.01
0.02
0.02
0.01
0.02
0.02
0.01
0.01
0.02
0.01
0.01
0.02
0.005
0.01
0.022
0.018
0.02
0.01
0.025
0.015
0.02
0.01
0.02
0.01
0.025
0.005
------------- sorted: 0.95 --------------
0.02
0.013
0.007
0.02
0.011
0.019
0.01
0.02
0.014
0.006
0.022
0.009
0.019
0.01
0.01
0.01
0.02
0.014
0.017
0.009
0.02
0.021
0.014
0.015
0.01
0.015
0.015
0.01
0.01
0.01
0.015
0.015
0.01
0.02
0.01
0.02
0.01
0.01
0.01
0.02
0.014
0.016
0.01
0.01
0.015
0.005
0.015
0.005
0.02
0.01
0.02
0.015
0.015
0.01
0.02
0.008
0.014
0.006
0.021
0.01
0.01
0.012
0.008
0.014
0.006
0.02
0.01
0.01
0.01
0.01
0.015
0.01
0.017
0.018
0.01
0.011
0.009
0.02
0.01
0.02
0.01
0.02
0.019
0.01
0.01
0.02
0.01
0.01
0.015
0.015
0.01
0.014
0.006
0.02
0.02
0.013
0.012
0.015
0.02
0.01
------------- sorted: 0.99 --------------
0.01
0.01
0.01
0.01
0.024
0.006
0.016
0.01
0.015
0.015
0.005
0.02
0.01
0.015
0.005
0.02
0.01
0.01
0.02
0.025
0.01
0.005
0.025
0.015
0.01
0.015
0.015
0.01
0.02
0.01
0.01
0.02
0.011
0.014
0.01
0.01
0.01
0.01
0.01
0.015
0.015
0.01
0.02
0.017
0.001
0.015
0.015
0.01
0.01
0.01
0.01
0.021
0.009
0.015
0.01
0.01
0.01
0.015
0.015
0.01
0.025
0.005
0.01
0.02
0.015
0.015
0.015
0.005
0.02
0.015
0.005
0.02
0.01
0.01
0.015
0.005
0.01
0.01
0.01
0.015
0.005
0.02
0.01
0.01
0.01
0.014
0
0.01
0.01
0.01
0.02
0.025
0.015
0.01
0.015
0.015
0.01
0.01
0.01
0.015
------------- sorted: 0.997 --------------
0.005
0.01
0.008
0.02
0.02
0.035
0.019
0.026
0.013
0.018
0.018
0.017
0.011
0.013
0.013
0.007
0.027
0.01
0.011
0.019
0.025
0.016
0.018
0.012
0.011
0.019
0.022
0.027
0.002
0.01
0.013
0.015
0.012
0.013
0.012
0.018
0.015
0.018
0.012
0.015
0.014
0.015
0.016
0.008
0.017
0.014
0.009
0.014
0.005
0.026
0.014
0.014
0.013
0.014
0.01
0.006
0.018
0.013
0.013
0.006
0.022
0.019
0.009
0.016
0.01
0.011
0.011
0.014
0.006
0.02
0.013
0.015
0.01
0.012
0.028
0.012
0.009
0.011
0.015
0.012
0.011
0.019
0.01
0.02
0.01
0.018
0.015
0.006
0.019
0.014
0.015
0.01
0.014
0.009
0.013
0.011
0.011
0.012
0.026
0.013
------------- sorted: 0 --------------
--------- INVERTED --------- 
0.027
0.019
0.025
0.025
0.02
0.028
0.029
0.03
0.017
0.021
0.023
0.03
0.028
0.022
0.023
0.027
0.021
0.026
0.022
0.025
0.025
0.031
0.022
0.031
0.023
0.019
0.027
0.022
0.024
0.026
0.02
0.025
0.022
0.024
0.022
0.026
0.035
0.026
0.023
0.034
0.024
0.027
0.031
0.022
0.021
0.02
0.026
0.022
0.027
0.026
0.023
0.023
0.025
0.032
0.025
0.026
0.029
0.021
0.028
0.021
0.029
0.024
0.029
0.028
0.021
0.036
0.024
0.027
0.03
0.031
0.028
0.026
0.023
0.02
0.022
0.023
0.025
0.032
0.029
0.027
0.023
0.022
0.027
0.032
0.023
0.021
0.031
0.028
0.027
0.026
0.022
0.026
0.021
0.019
0.028
0.03
0.027
0.026
0.025
0.018
----------- size 50------------ 
------------- sorted: 0 --------------
0.142
0.14
0.13
0.138
0.139
0.138
0.145
0.127
0.14
0.132
0.14
0.13
0.147
0.159
0.136
0.141
0.132
0.141
0.137
0.131
0.132
0.126
0.133
0.135
0.131
0.151
0.148
0.152
0.147
0.152
0.155
0.135
0.127
0.143
0.138
0.132
0.134
0.132
0.162
0.121
0.16
0.134
0.144
0.142
0.14
0.141
0.129
0.147
0.14
0.16
0.132
0.145
0.144
0.142
0.143
0.15
0.143
0.13
0.137
0.129
0.138
0.137
0.142
0.139
0.144
0.144
0.138
0.149
0.154
0.137
0.118
0.149
0.141
0.138
0.155
0.129
0.139
0.142
0.136
0.132
0.142
0.155
0.123
0.132
0.143
0.137
0.129
0.132
0.129
0.14
0.129
0.125
0.15
0.125
0.133
0.14
0.143
0.14
0.138
0.124
------------- sorted: 0.25 --------------
0.146
0.129
0.106
0.118
0.124
0.112
0.119
0.13
0.123
0.122
0.118
0.127
0.125
0.133
0.16
0.121
0.116
0.118
0.115
0.12
0.117
0.131
0.129
0.12
0.113
0.115
0.122
0.131
0.135
0.116
0.125
0.13
0.124
0.126
0.122
0.118
0.124
0.132
0.126
0.11
0.118
0.12
0.132
0.131
0.125
0.121
0.131
0.126
0.119
0.115
0.12
0.125
0.13
0.128
0.115
0.122
0.123
0.113
0.121
0.111
0.123
0.12
0.113
0.136
0.129
0.12
0.12
0.116
0.122
0.112
0.121
0.119
0.12
0.12
0.125
0.121
0.118
0.145
0.126
0.11
0.118
0.129
0.119
0.127
0.115
0.125
0.13
0.107
0.117
0.123
0.128
0.121
0.12
0.122
0.113
0.122
0.114
0.121
0.119
0.13
------------- sorted: 0.5 --------------
0.098
0.109
0.101
0.098
0.11
0.105
0.106
0.112
0.102
0.116
0.112
0.1
0.097
0.116
0.104
0.1
0.097
0.119
0.098
0.116
0.144
0.099
0.096
0.108
0.106
0.102
0.107
0.122
0.1
0.1
0.111
0.102
0.118
0.11
0.103
0.098
0.109
0.099
0.098
0.104
0.108
0.11
0.109
0.1
0.118
0.115
0.117
0.099
0.105
0.101
0.109
0.108
0.095
0.094
0.112
0.105
0.11
0.107
0.099
0.111
0.111
0.094
0.105
0.117
0.116
0.097
0.1
0.117
0.094
0.102
0.106
0.109
0.105
0.09
0.109
0.108
0.111
0.097
0.096
0.118
0.105
0.101
0.118
0.103
0.102
0.104
0.105
0.103
0.11
0.116
0.11
0.114
0.13
0.131
0.102
0.1
0.117
0.1
0.105
0.129
------------- sorted: 0.75 --------------
0.08
0.096
0.081
0.091
0.086
0.091
0.094
0.082
0.086
0.081
0.1
0.085
0.087
0.102
0.078
0.109
0.083
0.1
0.091
0.085
0.095
0.094
0.097
0.087
0.09
0.104
0.077
0.092
0.083
0.103
0.096
0.091
0.089
0.1
0.089
0.082
0.101
0.098
0.1
0.107
0.085
0.091
0.082
0.097
0.091
0.083
0.088
0.09
0.1
0.083
0.081
0.096
0.092
0.095
0.091
0.1
0.077
0.101
0.099
0.096
0.091
0.085
0.095
0.097
0.09
0.085
0.089
0.101
0.094
0.099
0.08
0.102
0.1
0.098
0.078
0.104
0.083
0.095
0.089
0.082
0.076
0.079
0.08
0.098
0.112
0.086
0.081
0.082
0.086
0.095
0.098
0.087
0.086
0.087
0.082
0.09
0.073
0.09
0.069
0.09
------------- sorted: 0.95 --------------
0.08
0.078
0.073
0.084
0.084
0.079
0.076
0.078
0.079
0.079
0.069
0.081
0.082
0.087
0.081
0.076
0.071
0.079
0.071
0.069
0.08
0.08
0.069
0.076
0.072
0.078
0.073
0.08
0.08
0.081
0.083
0.074
0.075
0.062
0.091
0.067
0.07
0.09
0.087
0.07
0.08
0.07
0.094
0.073
0.08
0.077
0.1
0.082
0.089
0.07
0.08
0.088
0.088
0.072
0.085
0.069
0.086
0.08
0.09
0.073
0.088
0.077
0.066
0.081
0.081
0.078
0.071
0.08
0.079
0.083
0.065
0.082
0.066
0.072
0.065
0.084
0.07
0.089
0.074
0.083
0.068
0.093
0.075
0.081
0.068
0.087
0.069
0.067
0.078
0.073
0.085
0.069
0.084
0.076
0.073
0.07
0.073
0.073
0.064
0.071
------------- sorted: 0.99 --------------
0.072
0.067
0.06
0.074
0.074
0.069
0.08
0.07
0.08
0.082
0.074
0.059
0.075
0.067
0.077
0.071
0.079
0.08
0.077
0.071
0.06
0.081
0.07
0.077
0.07
0.083
0.086
0.091
0.079
0.071
0.069
0.081
0.073
0.072
0.075
0.066
0.077
0.07
0.072
0.077
0.077
0.061
0.07
0.07
0.074
0.072
0.075
0.068
0.08
0.074
0.071
0.069
0.075
0.086
0.085
0.075
0.076
0.06
0.082
0.066
0.081
0.079
0.074
0.061
0.067
0.079
0.072
0.089
0.071
0.069
0.08
0.078
0.063
0.085
0.075
0.075
0.069
0.074
0.063
0.062
0.088
0.069
0.081
0.069
0.101
0.079
0.08
0.07
0.077
0.071
0.083
0.067
0.096
0.068
0.083
0.074
0.065
0.067
0.081
0.097
------------- sorted: 0.997 --------------
0.076
0.111
0.069
0.08
0.08
0.078
0.08
0.089
0.074
0.076
0.068
0.072
0.069
0.07
0.069
0.07
0.08
0.07
0.08
0.069
0.08
0.06
0.077
0.074
0.069
0.076
0.063
0.082
0.078
0.078
0.065
0.072
0.07
0.07
0.074
0.07
0.068
0.076
0.075
0.075
0.088
0.08
0.078
0.06
0.07
0.083
0.078
0.07
0.09
0.064
0.076
0.072
0.067
0.088
0.06
0.07
0.08
0.082
0.076
0.07
0.071
0.076
0.06
0.06
0.07
0.069
0.074
0.066
0.075
0.067
0.055
0.075
0.068
0.073
0.065
0.069
0.08
0.071
0.09
0.075
0.084
0.094
0.071
0.078
0.067
0.065
0.071
0.076
0.065
0.07
0.077
0.085
0.075
0.075
0.088
0.08
0.063
0.079
0.074
0.078
------------- sorted: 0 --------------
--------- INVERTED --------- 
0.131
0.143
0.129
0.131
0.133
0.13
0.131
0.129
0.133
0.129
0.124
0.128
0.127
0.144
0.145
0.16
0.145
0.153
0.181
0.19
0.197
0.143
0.129
0.13
0.158
0.137
0.149
0.152
0.134
0.133
0.128
0.139
0.117
0.151
0.171
0.134
0.15
0.141
0.133
0.125
0.15
0.151
0.134
0.152
0.141
0.141
0.126
0.118
0.182
0.157
0.156
0.143
0.142
0.182
0.136
0.158
0.187
0.151
0.135
0.14
0.137
0.139
0.147
0.136
0.145
0.143
0.138
0.133
0.131
0.136
0.154
0.147
0.148
0.132
0.134
0.131
0.123
0.131
0.132
0.132
0.13
0.135
0.123
0.139
0.138
0.135
0.146
0.138
0.148
0.138
0.136
0.155
0.129
0.128
0.14
0.141
0.136
0.14
0.14
0.14
----------- size 100------------ 
------------- sorted: 0 --------------
0.285
0.278
0.292
0.27
0.263
0.268
0.294
0.274
0.286
0.275
0.287
0.287
0.27
0.255
0.265
0.27
0.265
0.285
0.297
0.284
0.292
0.295
0.269
0.276
0.279
0.3
0.286
0.28
0.266
0.287
0.279
0.279
0.265
0.283
0.293
0.293
0.279
0.291
0.28
0.29
0.27
0.287
0.268
0.295
0.287
0.264
0.268
0.265
0.275
0.294
0.288
0.29
0.287
0.271
0.274
0.275
0.272
0.272
0.28
0.26
0.272
0.272
0.281
0.278
0.281
0.28
0.26
0.269
0.266
0.27
0.268
0.294
0.26
0.28
0.284
0.287
0.289
0.28
0.278
0.278
0.275
0.282
0.262
0.268
0.272
0.286
0.277
0.274
0.282
0.29
0.259
0.279
0.288
0.287
0.259
0.264
0.257
0.289
0.273
0.262
------------- sorted: 0.25 --------------
0.261
0.225
0.243
0.239
0.237
0.25
0.255
0.26
0.251
0.291
0.29
0.233
0.248
0.248
0.237
0.241
0.257
0.246
0.253
0.258
0.259
0.221
0.23
0.237
0.25
0.259
0.243
0.219
0.241
0.228
0.232
0.246
0.245
0.25
0.247
0.253
0.267
0.259
0.263
0.255
0.251
0.247
0.254
0.249
0.254
0.25
0.256
0.24
0.252
0.25
0.25
0.266
0.287
0.288
0.224
0.243
0.219
0.263
0.251
0.237
0.259
0.25
0.249
0.28
0.25
0.249
0.26
0.232
0.232
0.245
0.238
0.251
0.261
0.248
0.248
0.261
0.287
0.23
0.248
0.232
0.234
0.258
0.244
0.275
0.249
0.241
0.247
0.243
0.263
0.233
0.246
0.249
0.259
0.247
0.282
0.264
0.313
0.263
0.228
0.244
------------- sorted: 0.5 --------------
0.217
0.237
0.237
0.242
0.221
0.24
0.233
0.2
0.244
0.208
0.208
0.218
0.208
0.214
0.23
0.222
0.219
0.201
0.214
0.212
0.209
0.206
0.229
0.207
0.24
0.207
0.216
0.241
0.228
0.242
0.241
0.255
0.22
0.187
0.205
0.237
0.211
0.256
0.208
0.213
0.252
0.233
0.221
0.242
0.24
0.245
0.221
0.209
0.209
0.31
0.32
0.323
0.234
0.21
0.215
0.235
0.343
0.27
0.288
0.312
0.301
0.339
0.327
0.327
0.291
0.316
0.289
0.236
0.237
0.235
0.221
0.234
0.332
0.321
0.311
0.337
0.337
0.355
0.337
0.318
0.252
0.239
0.213
0.225
0.246
0.236
0.225
0.307
0.271
0.257
0.322
0.319
0.231
0.226
0.247
0.229
0.209
0.29
0.331
0.307
------------- sorted: 0.75 --------------
0.269
0.265
0.26
0.279
0.309
0.29
0.288
0.26
0.278
0.248
0.186
0.191
0.199
0.206
0.197
0.21
0.252
0.281
0.258
0.287
0.283
0.268
0.181
0.2
0.195
0.213
0.223
0.179
0.182
0.268
0.266
0.272
0.261
0.26
0.266
0.299
0.299
0.254
0.179
0.208
0.189
0.204
0.212
0.227
0.217
0.222
0.196
0.266
0.267
0.29
0.266
0.259
0.267
0.262
0.278
0.275
0.281
0.239
0.208
0.21
0.192
0.196
0.201
0.19
0.199
0.267
0.27
0.278
0.275
0.27
0.266
0.204
0.181
0.216
0.203
0.194
0.182
0.187
0.255
0.278
0.263
0.261
0.265
0.272
0.274
0.279
0.199
0.192
0.196
0.187
0.192
0.195
0.2
0.197
0.258
0.29
0.275
0.273
0.27
0.27
------------- sorted: 0.95 --------------
0.289
0.266
0.239
0.255
0.217
0.227
0.213
0.159
0.166
0.159
0.171
0.181
0.176
0.175
0.239
0.227
0.222
0.229
0.232
0.239
0.221
0.161
0.168
0.156
0.177
0.176
0.189
0.177
0.189
0.223
0.223
0.204
0.182
0.283
0.196
0.249
0.239
0.235
0.223
0.225
0.232
0.2
0.183
0.183
0.2
0.23
0.2
0.178
0.217
0.23
0.234
0.239
0.23
0.225
0.218
0.23
0.248
0.242
0.226
0.175
0.171
0.193
0.196
0.179
0.166
0.202
0.213
0.249
0.239
0.252
0.224
0.23
0.245
0.237
0.225
0.24
0.216
0.202
0.197
0.202
0.183
0.17
0.196
0.174
0.165
0.179
0.223
0.178
0.167
0.225
0.22
0.219
0.251
0.234
0.23
0.223
0.192
0.156
0.182
0.2
------------- sorted: 0.99 --------------
0.194
0.192
0.174
0.231
0.229
0.232
0.223
0.228
0.267
0.244
0.172
0.185
0.226
0.213
0.213
0.178
0.169
0.155
0.178
0.152
0.163
0.159
0.159
0.174
0.15
0.219
0.221
0.233
0.218
0.254
0.243
0.189
0.212
0.169
0.166
0.23
0.243
0.22
0.235
0.172
0.175
0.172
0.184
0.164
0.15
0.22
0.231
0.205
0.216
0.268
0.217
0.266
0.273
0.226
0.169
0.166
0.148
0.171
0.158
0.151
0.203
0.199
0.229
0.26
0.238
0.234
0.23
0.202
0.225
0.213
0.224
0.22
0.224
0.173
0.156
0.173
0.167
0.182
0.188
0.167
0.188
0.221
0.233
0.211
0.217
0.219
0.224
0.218
0.191
0.183
0.224
0.234
0.212
0.148
0.166
0.181
0.155
0.177
0.166
0.17
------------- sorted: 0.997 --------------
0.162
0.157
0.167
0.2
0.231
0.219
0.218
0.223
0.219
0.211
0.16
0.199
0.217
0.199
0.163
0.154
0.19
0.168
0.148
0.149
0.156
0.166
0.164
0.153
0.15
0.153
0.167
0.165
0.239
0.237
0.253
0.249
0.265
0.229
0.23
0.227
0.235
0.208
0.207
0.165
0.16
0.16
0.184
0.203
0.175
0.169
0.163
0.18
0.185
0.191
0.221
0.258
0.261
0.209
0.171
0.179
0.171
0.234
0.178
0.167
0.168
0.176
0.182
0.204
0.152
0.2
0.215
0.219
0.251
0.239
0.29
0.224
0.215
0.189
0.154
0.181
0.162
0.174
0.162
0.158
0.148
0.173
0.181
0.21
0.202
0.225
0.227
0.249
0.243
0.248
0.224
0.225
0.218
0.238
0.187
0.145
0.154
0.15
0.187
0.176
------------- sorted: 0 --------------
--------- INVERTED --------- 
0.315
0.349
0.418
0.442
0.433
0.449
0.411
0.402
0.343
0.361
0.283
0.29
0.288
0.331
0.39
0.394
0.411
0.288
0.315
0.288
0.291
0.314
0.306
0.34
0.396
0.394
0.412
0.42
0.305
0.322
0.325
0.294
0.312
0.318
0.421
0.408
0.419
0.414
0.344
0.305
0.321
0.296
0.277
0.36
0.406
0.444
0.429
0.432
0.441
0.474
0.373
0.34
0.421
0.316
0.349
0.402
0.423
0.398
0.31
0.307
0.32
0.299
0.413
0.357
0.386
0.398
0.451
0.414
0.33
0.32
0.332
0.287
0.307
0.4
0.408
0.421
0.42
0.413
0.372
0.353
0.312
0.296
0.292
0.396
0.434
0.429
0.406
0.426
0.363
0.297
0.313
0.299
0.294
0.316
0.395
0.42
0.42
0.41
0.404
0.319
--------------------------- INTRO ---------------------------
----------- size 1------------ 
------------- sorted: 0 --------------
0.002
0.003
0
0.002
0.003
0.001
0.006
0.002
0.001
0
0.007
0
0.01
0.003
0.002
0.002
0.002
0.005
0.002
0.003
0.003
0.002
0.003
0.003
0.003
0.002
0.002
0.002
0.002
0.002
0.002
0.001
0.002
0.002
0
0.006
0.004
0.003
0.001
0.001
0.001
0.002
0.002
0.001
0.002
0.002
0.002
0.001
0.002
0.002
0.003
0.002
0.001
0.003
0.002
0.002
0.002
0.002
0.001
0.001
0.003
0.002
0.002
0.002
0.005
0.001
0.002
0.003
0.002
0.001
0.002
0.002
0.002
0.002
0.002
0.002
0.002
0.001
0.003
0.002
0.003
0.002
0.003
0.002
0.001
0.001
0.002
0.002
0.002
0
0.003
0.001
0
0.008
0.002
0.001
0.002
0.002
0.004
0.002
------------- sorted: 0.25 --------------
0.002
0.001
0.001
0.002
0.001
0.004
0.002
0.001
0
0.009
0.002
0.001
0.002
0.001
0.002
0.001
0.003
0.001
0.002
0.001
0.002
0.001
0.002
0.001
0.001
0.002
0.001
0.001
0.002
0.002
0.002
0.002
0.003
0.001
0.002
0.001
0.002
0.001
0.002
0.001
0.001
0.002
0.002
0.001
0.003
0.001
0.002
0.001
0.002
0.002
0.001
0.002
0.001
0.001
0.001
0.002
0
0.005
0.002
0.002
0.001
0.005
0.003
0.003
0.003
0.002
0.002
0.002
0.002
0.001
0.003
0.001
0.002
0.001
0.002
0.002
0.001
0.002
0.002
0.001
0.001
0.003
0.003
0.001
0.003
0.002
0.003
0.001
0.002
0.002
0.002
0
0.004
0.001
0.002
0.002
0
0.005
0.004
0.002
------------- sorted: 0.5 --------------
0.003
0.002
0.001
0.002
0.001
0.003
0.002
0.002
0.001
0.002
0.001
0.002
0.002
0.001
0.001
0.003
0.001
0.003
0
0
0
0
0.007
0.004
0.003
0.001
0.001
0.001
0.001
0.002
0.002
0.001
0.002
0.002
0.001
0
0
0.001
0
0.009
0.002
0.001
0.001
0.002
0.002
0.002
0.002
0.002
0.002
0.002
0.001
0.001
0.002
0.001
0.001
0.002
0.001
0.001
0.001
0.002
0.001
0.001
0.001
0.002
0.001
0.002
0.002
0.001
0.001
0.001
0.001
0.002
0.002
0.001
0.002
0.001
0.002
0.003
0.003
0.001
0.002
0.002
0.001
0.002
0.001
0.002
0.003
0.002
0.002
0.001
0.002
0
0
0
0.009
0.003
0.002
0.002
0.002
0.002
------------- sorted: 0.75 --------------
0.003
0.001
0.001
0.001
0.002
0.001
0
0
0.01
0.003
0.001
0.002
0.001
0.002
0.002
0.001
0.002
0.002
0.002
0.003
0.001
0.001
0.001
0.001
0.002
0.001
0.001
0.002
0.001
0.001
0.001
0.001
0.002
0.002
0.001
0.001
0.001
0.002
0.003
0.002
0.001
0.002
0.001
0.002
0
0
0
0.01
0.003
0.002
0.001
0.001
0.001
0.003
0.003
0.001
0.003
0.002
0
0.003
0.001
0.001
0.003
0.001
0.002
0.001
0.001
0.002
0.002
0.002
0.001
0.003
0.001
0.002
0.001
0.001
0.002
0.001
0.002
0.001
0.001
0.002
0.001
0.001
0.002
0.001
0.001
0.002
0.001
0.002
0.003
0.001
0.001
0.001
0.002
0.004
0.002
0.002
0.001
0.002
------------- sorted: 0.95 --------------
0.001
0.002
0.001
0.001
0.003
0.001
0
0.003
0.002
0.002
0
0.002
0.001
0.002
0.001
0.001
0.001
0.001
0.002
0.004
0.004
0.002
0.001
0.002
0.001
0.002
0.001
0.002
0.001
0
0.002
0.001
0.001
0.002
0.001
0
0.004
0.003
0.002
0.001
0.001
0.001
0.002
0.001
0.002
0
0.002
0.001
0.001
0.002
0.001
0.002
0.001
0.001
0.002
0.001
0.001
0.001
0.001
0.002
0.001
0.001
0.001
0.002
0.002
0.001
0
0
0
0.006
0.002
0.004
0.001
0.001
0.001
0
0.001
0.003
0
0
0
0
0.008
0.002
0.001
0
0.003
0.001
0.001
0.001
0.001
0.001
0
0
0
0.006
0.001
0.001
0.001
0.002
------------- sorted: 0.99 --------------
0.002
0.001
0.001
0.001
0.001
0.001
0.001
0.003
0.002
0.001
0.001
0.001
0.001
0.002
0.001
0
0
0
0
0
0.007
0.002
0.001
0
0
0
0
0.009
0.001
0
0
0.007
0.003
0.002
0.001
0.002
0.002
0.001
0.001
0.002
0.001
0
0
0
0.005
0
0.003
0
0
0
0
0
0
0.009
0.001
0.003
0
0
0
0.005
0.002
0
0
0.005
0.001
0.001
0.001
0.001
0
0
0
0
0
0
0.008
0
0.004
0.002
0
0
0.004
0.002
0.001
0
0
0
0.007
0.001
0.001
0
0
0
0
0
0
0.007
0.002
0.001
0
0
------------- sorted: 0.997 --------------
0.004
0.001
0.001
0.001
0.002
0
0.002
0.001
0.001
0.001
0.001
0.002
0.001
0.001
0.002
0
0
0.005
0
0.002
0.001
0
0
0
0
0
0.008
0.001
0.001
0
0
0
0
0
0
0.007
0
0.003
0
0.005
0.001
0.002
0.001
0
0
0
0.007
0.004
0.004
0.001
0.001
0.001
0.002
0
0
0
0.009
0.001
0
0
0
0.009
0
0
0.006
0.002
0.002
0
0
0
0.009
0.001
0.002
0
0
0
0
0.006
0
0.002
0
0
0
0
0.006
0.004
0.001
0
0
0
0
0.007
0.003
0.004
0.001
0.002
0.002
0.001
0
0
------------- sorted: 0 --------------
--------- INVERTED --------- 
0.006
0.002
0.005
0.002
0
0.009
0.003
0.001
0.002
0.002
0.002
0.001
0.003
0.002
0.003
0.003
0.002
0.001
0.002
0.002
0.001
0.001
0.001
0.002
0.002
0.002
0
0.01
0.004
0.003
0.003
0.003
0.002
0.003
0.003
0.002
0.003
0.003
0.002
0.002
0.003
0.002
0.003
0.002
0.002
0.001
0.002
0.002
0.002
0.003
0.003
0.002
0.002
0
0.009
0.003
0.001
0.005
0.002
0
0.008
0.002
0.004
0.002
0.002
0.002
0.003
0.001
0.005
0.002
0.004
0.002
0.003
0.002
0.003
0.001
0.001
0.002
0.002
0.002
0.002
0.002
0.001
0.001
0.002
0.002
0.002
0.003
0.001
0.002
0.002
0.001
0.001
0.002
0.002
0.001
0.002
0.003
0.002
0.002
----------- size 5------------ 
------------- sorted: 0 --------------
0.012
0.017
0.015
0.02
0.017
0.019
0.011
0.011
0.023
0.017
0.02
0.019
0.016
0.013
0.023
0.018
0.022
0.015
0.018
0.013
0.02
0.019
0.02
0.02
0.019
0.021
0.016
0.021
0.017
0.02
0.015
0.014
0.02
0.018
0.016
0.013
0.019
0.018
0.021
0.017
0.016
0.017
0.014
0.023
0.015
0.017
0.011
0.012
0.02
0.025
0.015
0.019
0.017
0.015
0.016
0.009
0.012
0.01
0.017
0.009
0.013
0.012
0.007
0.011
0.01
0.011
0.013
0.01
0.011
0.011
0.014
0.013
0.016
0.017
0.017
0.016
0.016
0.017
0.018
0.019
0.019
0.014
0.014
0.02
0.019
0.017
0.02
0.017
0.011
0.02
0.02
0.02
0.017
0.017
0.016
0.018
0.015
0.022
0.014
0.011
------------- sorted: 0.25 --------------
0.021
0.019
0.018
0.01
0.02
0.019
0.011
0.016
0.013
0.016
0.01
0.017
0.017
0.017
0.02
0.016
0.016
0.019
0.011
0.018
0.019
0.012
0.013
0.01
0.01
0.018
0.011
0.016
0.013
0.01
0.009
0.013
0.014
0.011
0.013
0.011
0.01
0.015
0.016
0.012
0.005
0.013
0.008
0.009
0.022
0.009
0.01
0.012
0.013
0.01
0.018
0.012
0.011
0.008
0.02
0.018
0.009
0.01
0.009
0.011
0.017
0.012
0.011
0.013
0.012
0.009
0.012
0.009
0.013
0.014
0.01
0.008
0.018
0.015
0.009
0.019
0.011
0.011
0.011
0.009
0.014
0.01
0.012
0.013
0.013
0.01
0.01
0.015
0.01
0.01
0.013
0.014
0.012
0.019
0.014
0.009
0.005
0.011
0.013
0.011
------------- sorted: 0.5 --------------
0.017
0.008
0.002
0.004
0.013
0.004
0.017
0.012
0.01
0.01
0.007
0.011
0.008
0.01
0.009
0.008
0.014
0.009
0.015
0.014
0.02
0.009
0.015
0.01
0.017
0.012
0.02
0.018
0.012
0.011
0.019
0.018
0.013
0.018
0.016
0.013
0.015
0.021
0.013
0.017
0.015
0.019
0.016
0.015
0.015
0.02
0.019
0.02
0.011
0.019
0.011
0.02
0.015
0.017
0.016
0.019
0.013
0.018
0.013
0.015
0.008
0.014
0.006
0.011
0.018
0.012
0.02
0.01
0.021
0.011
0.013
0.015
0.016
0.017
0.015
0.016
0.019
0.014
0.021
0.014
0.02
0.017
0.013
0.017
0.012
0.02
0.013
0.013
0.024
0.014
0.018
0.011
0.017
0.012
0.02
0.01
0.02
0.011
0.015
0.018
------------- sorted: 0.75 --------------
0.01
0.019
0.013
0.013
0.012
0.01
0.02
0.01
0.017
0.017
0.012
0.015
0.016
0.015
0.014
0.01
0.018
0.012
0.012
0.011
0.015
0.012
0.017
0.015
0.011
0.013
0.012
0.011
0.011
0.013
0.011
0.012
0.015
0.015
0.009
0.018
0.012
0.016
0.012
0.014
0.015
0.023
0.011
0.017
0.01
0.018
0.012
0.012
0.017
0.016
0.014
0.015
0.019
0.005
0.013
0.017
0.013
0.019
0.009
0.016
0.016
0.014
0.013
0.013
0.017
0.012
0.012
0.016
0.017
0.012
0.008
0.02
0.011
0.016
0.013
0.01
0.014
0.012
0.012
0.019
0.016
0.013
0.016
0.014
0.008
0.011
0.01
0.02
0.013
0.014
0.012
0.011
0.019
0.017
0.016
0.016
0.013
0.009
0.02
0.011
------------- sorted: 0.95 --------------
0.018
0.011
0.01
0.011
0.012
0.013
0.009
0.01
0.015
0.015
0.01
0.018
0.013
0.017
0.013
0.012
0.016
0.011
0.011
0.012
0.007
0.02
0.01
0.016
0.005
0.019
0.008
0.014
0.007
0.01
0.011
0.017
0.012
0.009
0.01
0.013
0.018
0.009
0.011
0.014
0.005
0.011
0.009
0.011
0.011
0.01
0.014
0.005
0.019
0.012
0.016
0.004
0.011
0.015
0.011
0.011
0.012
0.008
0.01
0.012
0.012
0.017
0.009
0.01
0.017
0.01
0.012
0.01
0.013
0.007
0.011
0.016
0.011
0.012
0.012
0.007
0.009
0.013
0.011
0.012
0.007
0.008
0.008
0.009
0.01
0.007
0.009
0.007
0.006
0.004
0.015
0.008
0.006
0.008
0.012
0.009
0.008
0.01
0.014
0.01
------------- sorted: 0.99 --------------
0.01
0.007
0.013
0.009
0.014
0.01
0.008
0.007
0.015
0.008
0.008
0.008
0.01
0.005
0.02
0.009
0.007
0.007
0.008
0.006
0.006
0.007
0.007
0.007
0.01
0.008
0.006
0.015
0.006
0.007
0.007
0.008
0.007
0.014
0.007
0.009
0.008
0.006
0.01
0.01
0.008
0.009
0.007
0.007
0.01
0.011
0.007
0.012
0.01
0.008
0.008
0.006
0.011
0.008
0.007
0.007
0.006
0.009
0.007
0.008
0.011
0.015
0.007
0.008
0.008
0.007
0.008
0.011
0.007
0.008
0.006
0.012
0.007
0.008
0.007
0.007
0.008
0.008
0.009
0.007
0.007
0.005
0.008
0.005
0.014
0.014
0.008
0.006
0.009
0.008
0.012
0.011
0.006
0.007
0.007
0.009
0.006
0.012
0.013
0.007
------------- sorted: 0.997 --------------
0.009
0.01
0.007
0.008
0.009
0.009
0.008
0.007
0.009
0.015
0.006
0.018
0.012
0.008
0.006
0.007
0.009
0.005
0.006
0.006
0.015
0.007
0.007
0.008
0.009
0.007
0.008
0.006
0.014
0.007
0.008
0.01
0.009
0.009
0.009
0.007
0.007
0.012
0.01
0.008
0.008
0.012
0.009
0.013
0.008
0.005
0.011
0.006
0.006
0.007
0.007
0.004
0.015
0.005
0.014
0.006
0.011
0.006
0.003
0.009
0.013
0.007
0.012
0.007
0.008
0.009
0.012
0.002
0.011
0.008
0.009
0
0.014
0.007
0.01
0.01
0.01
0
0.013
0.006
0.009
0.01
0.009
0.011
0.009
0.016
0.01
0.005
0.017
0.012
0.01
0.01
0.014
0.016
0.01
0.01
0.011
0.006
0.011
0.011
------------- sorted: 0 --------------
--------- INVERTED --------- 
0.019
0.018
0.016
0.015
0.021
0.01
0.021
0.02
0.019
0.021
0.019
0.01
0.017
0.016
0.016
0.02
0.018
0.017
0.011
0.021
0.026
0.018
0.016
0.019
0.02
0.02
0.02
0.018
0.017
0.015
0.017
0.019
0.021
0.019
0.01
0.021
0.026
0.016
0.016
0.017
0.018
0.02
0.023
0.02
0.015
0.019
0.025
0.015
0.018
0.017
0.013
0.013
0.024
0.013
0.022
0.01
0.013
0.016
0.016
0.013
0.011
0.016
0.019
0.014
0.01
0.008
0.012
0.011
0.011
0.013
0.009
0.012
0.009
0.01
0.013
0.011
0.019
0.009
0.009
0.015
0.011
0.012
0.013
0.008
0.018
0.015
0.009
0.012
0.01
0.012
0.011
0.011
0.01
0.01
0.017
0.01
0.01
0.018
0.01
0.011
----------- size 10------------ 
------------- sorted: 0 --------------
0.024
0.021
0.029
0.026
0.034
0.033
0.021
0.022
0.023
0.022
0.033
0.029
0.031
0.024
0.024
0.025
0.023
0.033
0.025
0.031
0.03
0.025
0.026
0.022
0.027
0.032
0.034
0.031
0.029
0.027
0.025
0.025
0.021
0.03
0.021
0.026
0.033
0.031
0.028
0.023
0.018
0.023
0.03
0.03
0.032
0.025
0.019
0.03
0.035
0.039
0.039
0.039
0.041
0.035
0.04
0.038
0.039
0.043
0.036
0.039
0.033
0.038
0.048
0.038
0.035
0.033
0.049
0.04
0.041
0.037
0.042
0.035
0.039
0.041
0.031
0.03
0.047
0.032
0.041
0.045
0.03
0.045
0.038
0.034
0.04
0.029
0.035
0.03
0.039
0.03
0.041
0.035
0.039
0.039
0.039
0.037
0.031
0.041
0.036
0.038
------------- sorted: 0.25 --------------
0.031
0.039
0.038
0.04
0.033
0.033
0.032
0.032
0.039
0.03
0.034
0.034
0.044
0.031
0.053
0.032
0.039
0.035
0.032
0.031
0.037
0.041
0.032
0.025
0.022
0.022
0.023
0.035
0.025
0.028
0.026
0.033
0.03
0.027
0.031
0.025
0.033
0.024
0.03
0.024
0.023
0.02
0.025
0.027
0.022
0.03
0.035
0.022
0.036
0.031
0.023
0.023
0.024
0.021
0.024
0.032
0.023
0.019
0.021
0.02
0.02
0.031
0.016
0.028
0.03
0.028
0.029
0.043
0.037
0.031
0.034
0.039
0.042
0.034
0.033
0.037
0.042
0.038
0.038
0.031
0.04
0.035
0.033
0.031
0.038
0.038
0.03
0.038
0.029
0.039
0.031
0.033
0.039
0.034
0.038
0.062
0.04
0.034
0.033
0.039
------------- sorted: 0.5 --------------
0.039
0.032
0.034
0.033
0.032
0.03
0.029
0.032
0.03
0.032
0.029
0.033
0.037
0.029
0.031
0.031
0.018
0.039
0.039
0.019
0.027
0.03
0.022
0.027
0.03
0.022
0.027
0.027
0.027
0.026
0.018
0.019
0.024
0.027
0.021
0.022
0.022
0.022
0.021
0.024
0.019
0.04
0.022
0.026
0.03
0.02
0.021
0.033
0.032
0.037
0.022
0.03
0.03
0.032
0.026
0.032
0.028
0.021
0.018
0.035
0.03
0.035
0.024
0.02
0.028
0.022
0.029
0.02
0.028
0.022
0.028
0.024
0.019
0.017
0.022
0.019
0.019
0.019
0.013
0.018
0.028
0.018
0.028
0.02
0.035
0.023
0.032
0.024
0.029
0.038
0.039
0.033
0.032
0.03
0.037
0.025
0.032
0.031
0.037
0.033
------------- sorted: 0.75 --------------
0.029
0.029
0.033
0.025
0.034
0.031
0.025
0.023
0.038
0.023
0.033
0.025
0.028
0.028
0.029
0.027
0.03
0.026
0.025
0.031
0.02
0.031
0.029
0.026
0.029
0.031
0.034
0.03
0.025
0.031
0.041
0.034
0.03
0.028
0.029
0.03
0.027
0.021
0.019
0.03
0.032
0.026
0.034
0.03
0.027
0.028
0.041
0.029
0.026
0.026
0.034
0.028
0.026
0.023
0.027
0.016
0.021
0.019
0.034
0.022
0.021
0.018
0.017
0.022
0.016
0.022
0.016
0.021
0.02
0.021
0.017
0.026
0.015
0.021
0.016
0.015
0.021
0.023
0.018
0.029
0.024
0.023
0.024
0.016
0.019
0.023
0.025
0.019
0.017
0.021
0.02
0.024
0.022
0.025
0.025
0.022
0.025
0.018
0.017
0.025
------------- sorted: 0.95 --------------
0.024
0.027
0.016
0.018
0.02
0.018
0.017
0.014
0.024
0.014
0.025
0.018
0.025
0.016
0.02
0.026
0.018
0.021
0.015
0.016
0.022
0.028
0.022
0.027
0.022
0.018
0.015
0.015
0.031
0.025
0.015
0.015
0.016
0.013
0.013
0.021
0.017
0.021
0.014
0.013
0.02
0.017
0.011
0.02
0.009
0.021
0.01
0.022
0.027
0.021
0.029
0.02
0.03
0.019
0.03
0.025
0.024
0.022
0.033
0.025
0.027
0.03
0.023
0.03
0.019
0.03
0.024
0.027
0.019
0.031
0.019
0.023
0.034
0.028
0.025
0.025
0.036
0.031
0.032
0.025
0.027
0.021
0.029
0.031
0.031
0.026
0.021
0.034
0.026
0.024
0.026
0.025
0.024
0.029
0.028
0.021
0.019
0.03
0.021
0.024
------------- sorted: 0.99 --------------
0.026
0.028
0.028
0.022
0.021
0.025
0.026
0.027
0.028
0.018
0.021
0.024
0.022
0.024
0.024
0.022
0.021
0.027
0.022
0.02
0.021
0.016
0.014
0.018
0.017
0.017
0.021
0.041
0.023
0.022
0.016
0.019
0.019
0.019
0.02
0.021
0.019
0.017
0.032
0.03
0.016
0.014
0.019
0.025
0.014
0.019
0.019
0.027
0.02
0.015
0.021
0.023
0.02
0.018
0.016
0.022
0.013
0.016
0.019
0.02
0.018
0.021
0.015
0.023
0.017
0.018
0.021
0.021
0.023
0.021
0.017
0.017
0.022
0.019
0.018
0.013
0.024
0.016
0.015
0.014
0.019
0.013
0.013
0.023
0.016
0.013
0.022
0.021
0.016
0.019
0.02
0.026
0.013
0.016
0.014
0.015
0.017
0.018
0.012
0.03
------------- sorted: 0.997 --------------
0.024
0.016
0.02
0.019
0.011
0.02
0.018
0.012
0.02
0.02
0.023
0.017
0.013
0.007
0.02
0.018
0.012
0.028
0.022
0.027
0.023
0.019
0.027
0.022
0.026
0.025
0.024
0.03
0.022
0.028
0.02
0.027
0.02
0.02
0.028
0.022
0.03
0.027
0.022
0.027
0.023
0.021
0.022
0.029
0.021
0.033
0.016
0.03
0.019
0.029
0.021
0.02
0.046
0.036
0.04
0.026
0.031
0.031
0.017
0.034
0.032
0.022
0.03
0.029
0.022
0.03
0.031
0.033
0.024
0.03
0.02
0.024
0.026
0.024
0.026
0.027
0.023
0.017
0.028
0.023
0.02
0.02
0.022
0.024
0.023
0.02
0.021
0.017
0.022
0.023
0.032
0.025
0.023
0.019
0.032
0.018
0.029
0.019
0.021
0.03
------------- sorted: 0 --------------
--------- INVERTED --------- 
0.033
0.03
0.043
0.036
0.039
0.029
0.021
0.024
0.027
0.032
0.028
0.026
0.024
0.031
0.032
0.032
0.041
0.04
0.05
0.033
0.029
0.033
0.03
0.025
0.03
0.03
0.022
0.036
0.024
0.027
0.027
0.031
0.037
0.045
0.035
0.031
0.03
0.04
0.035
0.037
0.035
0.022
0.026
0.037
0.043
0.047
0.039
0.031
0.028
0.03
0.02
0.03
0.019
0.022
0.03
0.02
0.032
0.032
0.033
0.04
0.04
0.032
0.032
0.034
0.042
0.039
0.039
0.038
0.032
0.039
0.039
0.033
0.04
0.035
0.032
0.029
0.033
0.037
0.041
0.039
0.035
0.038
0.036
0.037
0.037
0.04
0.042
0.042
0.043
0.037
0.039
0.031
0.033
0.039
0.036
0.041
0.041
0.028
0.038
0.047
----------- size 50------------ 
------------- sorted: 0 --------------
0.198
0.21
0.163
0.163
0.149
0.149
0.166
0.155
0.141
0.143
0.183
0.201
0.206
0.193
0.2
0.195
0.202
0.195
0.208
0.208
0.211
0.209
0.2
0.142
0.142
0.153
0.155
0.15
0.157
0.143
0.122
0.172
0.193
0.201
0.207
0.212
0.21
0.219
0.214
0.213
0.201
0.196
0.206
0.156
0.139
0.164
0.198
0.142
0.179
0.133
0.161
0.19
0.196
0.198
0.186
0.2
0.203
0.204
0.143
0.149
0.201
0.204
0.193
0.206
0.2
0.201
0.214
0.2
0.181
0.153
0.133
0.151
0.154
0.158
0.153
0.14
0.168
0.219
0.21
0.209
0.205
0.191
0.202
0.212
0.199
0.156
0.133
0.158
0.147
0.137
0.151
0.14
0.123
0.169
0.217
0.2
0.209
0.229
0.204
0.211
------------- sorted: 0.25 --------------
0.2
0.192
0.192
0.2
0.217
0.158
0.164
0.141
0.165
0.129
0.138
0.146
0.14
0.141
0.163
0.206
0.189
0.195
0.189
0.204
0.204
0.199
0.2
0.181
0.202
0.207
0.164
0.159
0.148
0.143
0.133
0.145
0.146
0.126
0.147
0.199
0.199
0.191
0.231
0.2
0.208
0.2
0.26
0.144
0.139
0.195
0.148
0.156
0.133
0.161
0.186
0.174
0.143
0.13
0.2
0.189
0.209
0.211
0.198
0.199
0.191
0.203
0.206
0.182
0.189
0.201
0.169
0.137
0.133
0.148
0.143
0.153
0.152
0.148
0.156
0.133
0.17
0.213
0.181
0.2
0.201
0.198
0.188
0.196
0.191
0.2
0.21
0.199
0.194
0.137
0.151
0.133
0.136
0.133
0.146
0.145
0.122
0.137
0.15
0.2
------------- sorted: 0.5 --------------
0.186
0.175
0.17
0.183
0.174
0.163
0.169
0.18
0.182
0.181
0.187
0.158
0.13
0.145
0.122
0.134
0.129
0.127
0.133
0.11
0.117
0.134
0.166
0.163
0.169
0.172
0.179
0.183
0.198
0.179
0.13
0.123
0.18
0.165
0.198
0.174
0.139
0.14
0.139
0.153
0.159
0.143
0.144
0.12
0.132
0.119
0.127
0.172
0.171
0.182
0.171
0.179
0.177
0.164
0.175
0.181
0.162
0.17
0.168
0.182
0.188
0.14
0.128
0.138
0.117
0.132
0.121
0.122
0.131
0.135
0.109
0.12
0.133
0.18
0.17
0.173
0.184
0.171
0.165
0.182
0.17
0.181
0.187
0.179
0.187
0.157
0.118
0.125
0.116
0.138
0.159
0.14
0.128
0.13
0.155
0.134
0.154
0.161
0.187
0.181
------------- sorted: 0.75 --------------
0.151
0.164
0.158
0.15
0.151
0.17
0.159
0.152
0.16
0.148
0.159
0.132
0.147
0.122
0.118
0.137
0.114
0.112
0.115
0.111
0.108
0.099
0.125
0.128
0.123
0.133
0.14
0.142
0.151
0.16
0.151
0.164
0.111
0.1
0.15
0.158
0.151
0.16
0.149
0.135
0.158
0.161
0.167
0.17
0.182
0.125
0.116
0.104
0.107
0.129
0.117
0.115
0.118
0.113
0.115
0.121
0.115
0.11
0.101
0.156
0.138
0.105
0.119
0.16
0.159
0.16
0.153
0.15
0.149
0.138
0.116
0.101
0.122
0.121
0.113
0.103
0.1
0.109
0.117
0.107
0.109
0.107
0.116
0.122
0.122
0.107
0.109
0.102
0.112
0.109
0.104
0.139
0.158
0.163
0.15
0.163
0.152
0.163
0.15
0.16
------------- sorted: 0.95 --------------
0.137
0.097
0.096
0.098
0.109
0.111
0.117
0.093
0.091
0.102
0.108
0.106
0.129
0.095
0.098
0.098
0.095
0.107
0.105
0.112
0.095
0.097
0.128
0.13
0.13
0.147
0.131
0.15
0.143
0.136
0.139
0.142
0.134
0.143
0.11
0.096
0.115
0.119
0.09
0.11
0.102
0.104
0.106
0.085
0.098
0.099
0.097
0.114
0.092
0.112
0.105
0.11
0.095
0.098
0.104
0.103
0.15
0.129
0.14
0.133
0.15
0.137
0.134
0.143
0.156
0.151
0.138
0.11
0.093
0.087
0.12
0.114
0.088
0.096
0.12
0.116
0.09
0.099
0.103
0.096
0.097
0.102
0.099
0.087
0.124
0.108
0.087
0.126
0.147
0.14
0.142
0.137
0.14
0.135
0.125
0.141
0.131
0.143
0.136
0.136
------------- sorted: 0.99 --------------
0.14
0.13
0.14
0.138
0.139
0.15
0.134
0.142
0.103
0.093
0.135
0.116
0.1
0.094
0.106
0.087
0.1
0.103
0.107
0.105
0.127
0.1
0.099
0.14
0.122
0.163
0.156
0.185
0.162
0.131
0.142
0.152
0.102
0.088
0.097
0.099
0.1
0.104
0.102
0.102
0.086
0.105
0.114
0.089
0.105
0.104
0.1
0.105
0.091
0.099
0.1
0.123
0.149
0.145
0.141
0.144
0.126
0.14
0.143
0.132
0.132
0.141
0.148
0.14
0.136
0.133
0.094
0.102
0.102
0.119
0.117
0.096
0.114
0.105
0.105
0.111
0.103
0.1
0.119
0.098
0.094
0.098
0.1
0.119
0.149
0.158
0.147
0.161
0.141
0.136
0.138
0.144
0.149
0.14
0.151
0.146
0.149
0.136
0.158
0.142
------------- sorted: 0.997 --------------
0.147
0.149
0.145
0.151
0.125
0.097
0.114
0.099
0.111
0.101
0.1
0.109
0.117
0.096
0.102
0.1
0.098
0.095
0.094
0.129
0.14
0.158
0.131
0.141
0.16
0.15
0.155
0.151
0.149
0.117
0.109
0.096
0.11
0.097
0.104
0.1
0.109
0.111
0.102
0.086
0.103
0.092
0.104
0.104
0.094
0.097
0.1
0.145
0.152
0.15
0.149
0.15
0.145
0.167
0.149
0.15
0.15
0.164
0.158
0.144
0.15
0.119
0.129
0.111
0.103
0.105
0.116
0.098
0.112
0.157
0.105
0.116
0.095
0.089
0.104
0.12
0.138
0.161
0.144
0.134
0.134
0.168
0.146
0.147
0.15
0.141
0.135
0.169
0.097
0.1
0.122
0.144
0.109
0.103
0.096
0.107
0.098
0.117
0.121
0.127
------------- sorted: 0 --------------
--------- INVERTED --------- 
0.161
0.149
0.153
0.146
0.127
0.167
0.207
0.209
0.171
0.183
0.182
0.21
0.209
0.2
0.204
0.2
0.139
0.153
0.14
0.128
0.137
0.158
0.153
0.145
0.188
0.211
0.206
0.219
0.198
0.207
0.19
0.202
0.198
0.189
0.2
0.196
0.201
0.164
0.146
0.155
0.154
0.162
0.164
0.132
0.177
0.237
0.241
0.229
0.22
0.211
0.199
0.199
0.213
0.202
0.2
0.2
0.147
0.193
0.175
0.173
0.168
0.183
0.166
0.14
0.169
0.214
0.2
0.199
0.2
0.2
0.201
0.207
0.218
0.196
0.208
0.2
0.155
0.137
0.137
0.138
0.143
0.138
0.155
0.142
0.166
0.19
0.199
0.179
0.211
0.2
0.2
0.199
0.193
0.205
0.201
0.211
0.167
0.134
0.155
0.192
----------- size 100------------ 
------------- sorted: 0 --------------
0.367
0.332
0.322
0.33
0.445
0.439
0.439
0.56
0.363
0.319
0.334
0.304
0.406
0.468
0.441
0.451
0.441
0.462
0.444
0.373
0.338
0.309
0.33
0.35
0.311
0.431
0.455
0.383
0.329
0.348
0.313
0.328
0.316
0.369
0.449
0.481
0.441
0.428
0.467
0.309
0.322
0.333
0.352
0.45
0.444
0.439
0.397
0.316
0.294
0.432
0.433
0.444
0.435
0.439
0.441
0.42
0.335
0.337
0.336
0.343
0.33
0.297
0.358
0.441
0.45
0.445
0.323
0.33
0.311
0.326
0.348
0.34
0.29
0.372
0.448
0.443
0.353
0.305
0.33
0.333
0.315
0.324
0.367
0.448
0.449
0.459
0.393
0.329
0.314
0.333
0.309
0.342
0.321
0.397
0.471
0.45
0.416
0.307
0.329
0.325
------------- sorted: 0.25 --------------
0.303
0.292
0.317
0.301
0.413
0.411
0.406
0.408
0.409
0.359
0.295
0.294
0.354
0.326
0.311
0.32
0.287
0.416
0.419
0.329
0.385
0.298
0.29
0.355
0.323
0.357
0.462
0.431
0.417
0.31
0.319
0.308
0.296
0.29
0.34
0.3
0.419
0.418
0.41
0.408
0.312
0.29
0.313
0.283
0.319
0.291
0.286
0.396
0.426
0.4
0.411
0.308
0.298
0.309
0.304
0.315
0.297
0.292
0.39
0.441
0.405
0.395
0.27
0.303
0.299
0.323
0.308
0.314
0.289
0.396
0.416
0.4
0.425
0.283
0.294
0.326
0.303
0.351
0.308
0.29
0.392
0.436
0.428
0.433
0.48
0.489
0.305
0.319
0.324
0.327
0.293
0.281
0.341
0.408
0.382
0.324
0.289
0.371
0.37
0.451
------------- sorted: 0.5 --------------
0.371
0.39
0.372
0.39
0.331
0.234
0.274
0.279
0.291
0.279
0.267
0.264
0.281
0.299
0.37
0.338
0.37
0.31
0.284
0.27
0.283
0.259
0.286
0.244
0.34
0.39
0.371
0.389
0.371
0.316
0.271
0.249
0.27
0.257
0.287
0.252
0.289
0.242
0.354
0.361
0.369
0.352
0.394
0.43
0.356
0.283
0.281
0.263
0.287
0.269
0.286
0.255
0.343
0.369
0.326
0.245
0.282
0.305
0.285
0.27
0.289
0.313
0.379
0.385
0.363
0.375
0.302
0.261
0.251
0.253
0.273
0.288
0.249
0.256
0.25
0.381
0.42
0.366
0.391
0.269
0.302
0.261
0.299
0.288
0.263
0.272
0.257
0.394
0.384
0.366
0.384
0.292
0.269
0.281
0.237
0.249
0.293
0.27
0.262
0.268
------------- sorted: 0.75 --------------
0.277
0.328
0.339
0.33
0.322
0.242
0.244
0.235
0.277
0.233
0.236
0.245
0.223
0.229
0.217
0.327
0.344
0.304
0.336
0.264
0.235
0.224
0.205
0.246
0.246
0.24
0.241
0.226
0.271
0.326
0.332
0.322
0.328
0.318
0.238
0.218
0.249
0.254
0.254
0.258
0.266
0.249
0.209
0.333
0.36
0.36
0.339
0.325
0.382
0.433
0.242
0.279
0.25
0.227
0.229
0.254
0.251
0.242
0.256
0.233
0.25
0.34
0.339
0.316
0.361
0.318
0.323
0.311
0.342
0.334
0.323
0.333
0.315
0.311
0.223
0.33
0.339
0.331
0.325
0.342
0.333
0.342
0.354
0.331
0.332
0.296
0.32
0.344
0.307
0.342
0.321
0.295
0.339
0.333
0.22
0.329
0.33
0.318
0.342
0.35
------------- sorted: 0.95 --------------
0.242
0.199
0.239
0.292
0.29
0.299
0.3
0.299
0.29
0.292
0.279
0.214
0.27
0.299
0.281
0.294
0.254
0.219
0.273
0.29
0.291
0.287
0.3
0.359
0.285
0.193
0.287
0.279
0.296
0.3
0.287
0.295
0.311
0.275
0.276
0.29
0.277
0.287
0.289
0.204
0.25
0.284
0.292
0.299
0.292
0.281
0.284
0.299
0.292
0.297
0.289
0.281
0.278
0.297
0.301
0.286
0.249
0.2
0.284
0.291
0.292
0.3
0.28
0.302
0.277
0.28
0.301
0.296
0.28
0.288
0.203
0.188
0.315
0.305
0.45
0.327
0.309
0.3
0.291
0.313
0.218
0.275
0.3
0.289
0.288
0.29
0.338
0.3
0.291
0.287
0.186
0.251
0.307
0.285
0.24
0.28
0.3
0.282
0.286
0.311
------------- sorted: 0.99 --------------
0.32
0.356
0.322
0.318
0.328
0.319
0.307
0.203
0.233
0.268
0.333
0.31
0.32
0.317
0.33
0.31
0.283
0.282
0.343
0.31
0.301
0.3
0.321
0.248
0.251
0.319
0.343
0.32
0.317
0.33
0.332
0.32
0.28
0.214
0.315
0.322
0.339
0.331
0.312
0.321
0.409
0.319
0.31
0.336
0.327
0.266
0.231
0.248
0.319
0.314
0.321
0.316
0.323
0.31
0.332
0.311
0.318
0.338
0.287
0.241
0.243
0.212
0.312
0.318
0.317
0.32
0.311
0.325
0.328
0.346
0.321
0.25
0.256
0.309
0.303
0.319
0.332
0.321
0.333
0.311
0.32
0.317
0.308
0.299
0.214
0.233
0.234
0.229
0.227
0.321
0.275
0.208
0.312
0.303
0.332
0.32
0.323
0.34
0.288
0.23
------------- sorted: 0.997 --------------
0.275
0.238
0.25
0.254
0.282
0.28
0.219
0.32
0.341
0.346
0.338
0.341
0.36
0.349
0.338
0.279
0.248
0.264
0.355
0.306
0.312
0.351
0.333
0.364
0.264
0.31
0.329
0.308
0.307
0.37
0.34
0.361
0.357
0.337
0.338
0.349
0.289
0.289
0.23
0.317
0.342
0.362
0.349
0.35
0.35
0.342
0.352
0.334
0.317
0.253
0.219
0.348
0.351
0.341
0.348
0.34
0.331
0.36
0.351
0.324
0.323
0.251
0.24
0.259
0.354
0.349
0.36
0.348
0.362
0.362
0.345
0.335
0.358
0.268
0.263
0.248
0.345
0.34
0.342
0.343
0.33
0.362
0.338
0.333
0.36
0.26
0.245
0.24
0.348
0.37
0.342
0.361
0.353
0.344
0.353
0.355
0.358
0.309
0.254
0.265
------------- sorted: 0 --------------
--------- INVERTED --------- 
0.467
0.459
0.47
0.449
0.447
0.439
0.507
0.517
0.346
0.448
0.473
0.45
0.454
0.44
0.451
0.438
0.37
0.411
0.464
0.455
0.441
0.449
0.433
0.399
0.329
0.451
0.46
0.445
0.46
0.45
0.434
0.453
0.382
0.431
0.45
0.436
0.45
0.458
0.363
0.431
0.428
0.327
0.329
0.408
0.435
0.431
0.445
0.46
0.451
0.444
0.461
0.439
0.339
0.437
0.448
0.45
0.471
0.463
0.357
0.47
0.465
0.457
0.432
0.431
0.449
0.442
0.441
0.398
0.463
0.436
0.458
0.45
0.33
0.447
0.45
0.451
0.449
0.452
0.451
0.448
0.441
0.442
0.443
0.448
0.453
0.424
0.463
0.435
0.435
0.449
0.434
0.439
0.45
0.439
0.45
0.439
0.38
0.41
0.446
0.43
